<?xml version="1.0" encoding="ISO-8859-1"?>
<!DOCTYPE mixture PUBLIC "-//ghmm.org//DOCUMENT ghmm V1.0//EN" "http://ghmm.sourceforge.net/xml/1.0/ghmm.dtd">
<mixture version="1.0" noComponents="1">
 <HMM name="" type="higher-order discrete">
  <alphabet id="0">
   <symbol code="0">A</symbol>
   <symbol code="1">C</symbol>
   <symbol code="2">G</symbol>
   <symbol code="3">T</symbol>
  </alphabet>
  <state id="0" initial="1.00000000">
   <discrete id="0">0.25, 0.25, 0.25, 0.25</discrete>
  </state>
  <state id="1" initial="0.00000000">
   <discrete id="0" order="1">0.25, 0.25, 0.25, 0.25, 0.25, 0.25, 0.25, 0.25, 0.25, 0.25, 0.25, 0.25, 0.25, 0.25, 0.25, 0.25</discrete>
  </state>
  <state id="2" initial="0.00000000">
   <discrete id="0" order="1">0.29678789, 0.38274489, 0.2816034, 0.038863817, 0.29678789, 0.38274489, 0.2816034, 0.038863817, 0.29678789, 0.38274489, 0.2816034, 0.038863817, 0.29678789, 0.38274489, 0.2816034, 0.038863817</discrete>
  </state>
  <state id="3" initial="0.00000000">
   <discrete id="0" order="1">0.99984072, 0.00053092647, 0.069392089, 0.00031855588, 0.99984072, 0.00053092647, 0.069392089, 0.00031855588, 0.99984072, 0.00053092647, 0.069392089, 0.00031855588, 0.99984072, 0.00053092647, 0.069392089, 0.00031855588</discrete>
  </state>
  <state id="4" initial="0.00000000">
   <discrete id="0" order="1">0.00015927794, 0.00047783382, 5.3092647e-05, 0.99984072, 0.00015927794, 0.00047783382, 5.3092647e-05, 0.99984072, 0.00015927794, 0.00047783382, 5.3092647e-05, 0.99984072, 0.00015927794, 0.00047783382, 5.3092647e-05, 0.99984072</discrete>
  </state>
  <state id="5" initial="0.00000000">
   <discrete id="0" order="1">5.3092647e-05, 5.3092647e-05, 0.99984072, 0.00015927794, 5.3092647e-05, 5.3092647e-05, 0.99984072, 0.00015927794, 5.3092647e-05, 5.3092647e-05, 0.99984072, 0.00015927794, 5.3092647e-05, 5.3092647e-05, 0.99984072, 0.00015927794</discrete>
  </state>
  <state id="6" initial="0.00000000">
   <discrete id="0" order="1">0.99984072, 0.00063711176, 5.3092647e-05, 0.00026546323, 0.99984072, 0.00063711176, 5.3092647e-05, 0.00026546323, 0.99984072, 0.00063711176, 5.3092647e-05, 0.00026546323, 0.99984072, 0.00063711176, 5.3092647e-05, 0.00026546323</discrete>
  </state>
  <state id="7" initial="0.00000000">
   <discrete id="0" order="1">0.0020175206, 0.7624635, 0.23748341, 0.00095566764, 0.0020175206, 0.7624635, 0.23748341, 0.00095566764, 0.0020175206, 0.7624635, 0.23748341, 0.00095566764, 0.0020175206, 0.7624635, 0.23748341, 0.00095566764</discrete>
  </state>
  <state id="8" initial="0.00000000">
   <discrete id="0" order="1">5.3092647e-05, 0.0011149456, 0.00021237059, 0.99984072, 5.3092647e-05, 0.0011149456, 0.00021237059, 0.99984072, 5.3092647e-05, 0.0011149456, 0.00021237059, 0.99984072, 5.3092647e-05, 0.0011149456, 0.00021237059, 0.99984072</discrete>
  </state>
  <state id="9" initial="0.00000000">
   <discrete id="0" order="1">0.00010618529, 0.99984072, 5.3092647e-05, 0.00021237059, 0.00010618529, 0.99984072, 5.3092647e-05, 0.00021237059, 0.00010618529, 0.99984072, 5.3092647e-05, 0.00021237059, 0.00010618529, 0.99984072, 5.3092647e-05, 0.00021237059</discrete>
  </state>
  <state id="10" initial="0.00000000">
   <discrete id="0" order="1">0.99984072, 0.00074329705, 0.00047783382, 0.00031855588, 0.99984072, 0.00074329705, 0.00047783382, 0.00031855588, 0.99984072, 0.00074329705, 0.00047783382, 0.00031855588, 0.99984072, 0.00074329705, 0.00047783382, 0.00031855588</discrete>
  </state>
  <state id="11" initial="0.00000000">
   <discrete id="0" order="1">5.3092647e-05, 0.14281922, 0.00058401911, 0.99984072, 5.3092647e-05, 0.14281922, 0.00058401911, 0.99984072, 5.3092647e-05, 0.14281922, 0.00058401911, 0.99984072, 5.3092647e-05, 0.14281922, 0.00058401911, 0.99984072</discrete>
  </state>
  <state id="12" initial="0.00000000">
   <discrete id="0" order="1">0.025909212, 0.52354659, 0.26907353, 0.18147067, 0.025909212, 0.52354659, 0.26907353, 0.18147067, 0.025909212, 0.52354659, 0.26907353, 0.18147067, 0.025909212, 0.52354659, 0.26907353, 0.18147067</discrete>
  </state>
  <transition source="0" target="1">
   <probability>1</probability>
  </transition>
  <transition source="1" target="1">
   <probability>0.99</probability>
  </transition>
  <transition source="1" target="2">
   <probability>0.01</probability>
  </transition>
  <transition source="2" target="3">
   <probability>1</probability>
  </transition>
  <transition source="3" target="4">
   <probability>1</probability>
  </transition>
  <transition source="4" target="5">
   <probability>1</probability>
  </transition>
  <transition source="5" target="6">
   <probability>1</probability>
  </transition>
  <transition source="6" target="7">
   <probability>1</probability>
  </transition>
  <transition source="7" target="8">
   <probability>1</probability>
  </transition>
  <transition source="8" target="9">
   <probability>1</probability>
  </transition>
  <transition source="9" target="10">
   <probability>1</probability>
  </transition>
  <transition source="10" target="11">
   <probability>1</probability>
  </transition>
  <transition source="11" target="12">
   <probability>1</probability>
  </transition>
  <transition source="12" target="1">
   <probability>1</probability>
  </transition>
 </HMM>
</mixture>
