<?xml version="1.0" encoding="ISO-8859-1"?>
<!DOCTYPE mixture PUBLIC "-//ghmm.org//DOCUMENT ghmm V1.0//EN" "http://ghmm.sourceforge.net/xml/1.0/ghmm.dtd">
<mixture version="1.0" noComponents="1">
 <HMM name="" type="higher-order discrete">
  <alphabet id="0">
   <symbol code="0">A</symbol>
   <symbol code="1">C</symbol>
   <symbol code="2">G</symbol>
   <symbol code="3">T</symbol>
  </alphabet>
  <state id="0" initial="1.00000000">
   <discrete id="0">0.25, 0.25, 0.25, 0.25</discrete>
  </state>
  <state id="1" initial="0.00000000">
   <discrete id="0" order="1">0.25, 0.25, 0.25, 0.25, 0.25, 0.25, 0.25, 0.25, 0.25, 0.25, 0.25, 0.25, 0.25, 0.25, 0.25, 0.25</discrete>
  </state>
  <state id="2" initial="0.00000000">
   <discrete id="0" order="1">0.22138977, 0.68383592, 0.094587001, 0.00018730099, 0.22138977, 0.68383592, 0.094587001, 0.00018730099, 0.22138977, 0.68383592, 0.094587001, 0.00018730099, 0.22138977, 0.68383592, 0.094587001, 0.00018730099</discrete>
  </state>
  <state id="3" initial="0.00000000">
   <discrete id="0" order="1">0.00018730099, 0.9994381, 0.00018730099, 0.00018730099, 0.00018730099, 0.9994381, 0.00018730099, 0.00018730099, 0.00018730099, 0.9994381, 0.00018730099, 0.00018730099, 0.00018730099, 0.9994381, 0.00018730099, 0.00018730099</discrete>
  </state>
  <state id="4" initial="0.00000000">
   <discrete id="0" order="1">0.9994381, 0.00018730099, 0.00018730099, 0.00018730099, 0.9994381, 0.00018730099, 0.00018730099, 0.00018730099, 0.9994381, 0.00018730099, 0.00018730099, 0.00018730099, 0.9994381, 0.00018730099, 0.00018730099, 0.00018730099</discrete>
  </state>
  <state id="5" initial="0.00000000">
   <discrete id="0" order="1">0.00018730099, 0.43004308, 0.00018730099, 0.56958232, 0.00018730099, 0.43004308, 0.00018730099, 0.56958232, 0.00018730099, 0.43004308, 0.00018730099, 0.56958232, 0.00018730099, 0.43004308, 0.00018730099, 0.56958232</discrete>
  </state>
  <state id="6" initial="0.00000000">
   <discrete id="0" order="1">0.00018730099, 0.00018730099, 0.9994381, 0.00018730099, 0.00018730099, 0.00018730099, 0.9994381, 0.00018730099, 0.00018730099, 0.00018730099, 0.9994381, 0.00018730099, 0.00018730099, 0.00018730099, 0.9994381, 0.00018730099</discrete>
  </state>
  <state id="7" initial="0.00000000">
   <discrete id="0" order="1">0.00018730099, 0.00018730099, 0.00018730099, 0.9994381, 0.00018730099, 0.00018730099, 0.00018730099, 0.9994381, 0.00018730099, 0.00018730099, 0.00018730099, 0.9994381, 0.00018730099, 0.00018730099, 0.00018730099, 0.9994381</discrete>
  </state>
  <state id="8" initial="0.00000000">
   <discrete id="0" order="1">0.00018730099, 0.00018730099, 0.9994381, 0.00018730099, 0.00018730099, 0.00018730099, 0.9994381, 0.00018730099, 0.00018730099, 0.00018730099, 0.9994381, 0.00018730099, 0.00018730099, 0.00018730099, 0.9994381, 0.00018730099</discrete>
  </state>
  <state id="9" initial="0.00000000">
   <discrete id="0" order="1">0.0093650496, 0.43041768, 0.38996067, 0.1702566, 0.0093650496, 0.43041768, 0.38996067, 0.1702566, 0.0093650496, 0.43041768, 0.38996067, 0.1702566, 0.0093650496, 0.43041768, 0.38996067, 0.1702566</discrete>
  </state>
  <state id="10" initial="0.00000000">
   <discrete id="0" order="1">0.15901854, 0.20378348, 0.10432665, 0.53287132, 0.15901854, 0.20378348, 0.10432665, 0.53287132, 0.15901854, 0.20378348, 0.10432665, 0.53287132, 0.15901854, 0.20378348, 0.10432665, 0.53287132</discrete>
  </state>
  <state id="11" initial="0.00000000">
   <discrete id="0" order="1">0.015545982, 0.35175126, 0.1502154, 0.48248736, 0.015545982, 0.35175126, 0.1502154, 0.48248736, 0.015545982, 0.35175126, 0.1502154, 0.48248736, 0.015545982, 0.35175126, 0.1502154, 0.48248736</discrete>
  </state>
  <transition source="0" target="1">
   <probability>1</probability>
  </transition>
  <transition source="1" target="1">
   <probability>0.99</probability>
  </transition>
  <transition source="1" target="2">
   <probability>0.01</probability>
  </transition>
  <transition source="2" target="3">
   <probability>1</probability>
  </transition>
  <transition source="3" target="4">
   <probability>1</probability>
  </transition>
  <transition source="4" target="5">
   <probability>1</probability>
  </transition>
  <transition source="5" target="6">
   <probability>1</probability>
  </transition>
  <transition source="6" target="7">
   <probability>1</probability>
  </transition>
  <transition source="7" target="8">
   <probability>1</probability>
  </transition>
  <transition source="8" target="9">
   <probability>1</probability>
  </transition>
  <transition source="9" target="10">
   <probability>1</probability>
  </transition>
  <transition source="10" target="11">
   <probability>1</probability>
  </transition>
  <transition source="11" target="1">
   <probability>1</probability>
  </transition>
 </HMM>
</mixture>
