<?xml version="1.0" encoding="ISO-8859-1"?>
<!DOCTYPE mixture PUBLIC "-//ghmm.org//DOCUMENT ghmm V1.0//EN" "http://ghmm.sourceforge.net/xml/1.0/ghmm.dtd">
<mixture version="1.0" noComponents="1">
 <HMM name="" type="higher-order discrete">
  <alphabet id="0">
   <symbol code="0">A</symbol>
   <symbol code="1">C</symbol>
   <symbol code="2">G</symbol>
   <symbol code="3">T</symbol>
  </alphabet>
  <state id="0" initial="1.00000000">
   <discrete id="0">0.25, 0.25, 0.25, 0.25</discrete>
  </state>
  <state id="1" initial="0.00000000">
   <discrete id="0" order="1">0.25, 0.25, 0.25, 0.25, 0.25, 0.25, 0.25, 0.25, 0.25, 0.25, 0.25, 0.25, 0.25, 0.25, 0.25, 0.25</discrete>
  </state>
  <state id="2" initial="0.00000000">
   <discrete id="0" order="1">0.38823193, 0.13317757, 0.23340645, 0.24518405, 0.38823193, 0.13317757, 0.23340645, 0.24518405, 0.38823193, 0.13317757, 0.23340645, 0.24518405, 0.38823193, 0.13317757, 0.23340645, 0.24518405</discrete>
  </state>
  <state id="3" initial="0.00000000">
   <discrete id="0" order="1">0.33935724, 0.14013923, 0.23774557, 0.28275796, 0.33935724, 0.14013923, 0.23774557, 0.28275796, 0.33935724, 0.14013923, 0.23774557, 0.28275796, 0.33935724, 0.14013923, 0.23774557, 0.28275796</discrete>
  </state>
  <state id="4" initial="0.00000000">
   <discrete id="0" order="1">0.30979401, 0.090787717, 0.46171085, 0.13770742, 0.30979401, 0.090787717, 0.46171085, 0.13770742, 0.30979401, 0.090787717, 0.46171085, 0.13770742, 0.30979401, 0.090787717, 0.46171085, 0.13770742</discrete>
  </state>
  <state id="5" initial="0.00000000">
   <discrete id="0" order="1">0.78805073, 0.034808316, 0.17709327, 4.7682624e-05, 0.78805073, 0.034808316, 0.17709327, 4.7682624e-05, 0.78805073, 0.034808316, 0.17709327, 4.7682624e-05, 0.78805073, 0.034808316, 0.17709327, 4.7682624e-05</discrete>
  </state>
  <state id="6" initial="0.00000000">
   <discrete id="0" order="1">4.7682624e-05, 4.7682624e-05, 4.7682624e-05, 0.99985695, 4.7682624e-05, 4.7682624e-05, 4.7682624e-05, 0.99985695, 4.7682624e-05, 4.7682624e-05, 4.7682624e-05, 0.99985695, 4.7682624e-05, 4.7682624e-05, 4.7682624e-05, 0.99985695</discrete>
  </state>
  <state id="7" initial="0.00000000">
   <discrete id="0" order="1">4.7682624e-05, 4.7682624e-05, 0.99418272, 0.0057219149, 4.7682624e-05, 4.7682624e-05, 0.99418272, 0.0057219149, 4.7682624e-05, 4.7682624e-05, 0.99418272, 0.0057219149, 4.7682624e-05, 4.7682624e-05, 0.99418272, 0.0057219149</discrete>
  </state>
  <state id="8" initial="0.00000000">
   <discrete id="0" order="1">0.99980927, 4.7682624e-05, 4.7682624e-05, 9.5365249e-05, 0.99980927, 4.7682624e-05, 4.7682624e-05, 9.5365249e-05, 0.99980927, 4.7682624e-05, 4.7682624e-05, 9.5365249e-05, 0.99980927, 4.7682624e-05, 4.7682624e-05, 9.5365249e-05</discrete>
  </state>
  <state id="9" initial="0.00000000">
   <discrete id="0" order="1">4.7682624e-05, 0.16398055, 0.21519168, 0.62078009, 4.7682624e-05, 0.16398055, 0.21519168, 0.62078009, 4.7682624e-05, 0.16398055, 0.21519168, 0.62078009, 4.7682624e-05, 0.16398055, 0.21519168, 0.62078009</discrete>
  </state>
  <state id="10" initial="0.00000000">
   <discrete id="0" order="1">4.7682624e-05, 0.029038718, 0.97086592, 4.7682624e-05, 4.7682624e-05, 0.029038718, 0.97086592, 4.7682624e-05, 4.7682624e-05, 0.029038718, 0.97086592, 4.7682624e-05, 4.7682624e-05, 0.029038718, 0.97086592, 4.7682624e-05</discrete>
  </state>
  <state id="11" initial="0.00000000">
   <discrete id="0" order="1">0.044773984, 0.16841503, 4.7682624e-05, 0.7867633, 0.044773984, 0.16841503, 4.7682624e-05, 0.7867633, 0.044773984, 0.16841503, 4.7682624e-05, 0.7867633, 0.044773984, 0.16841503, 4.7682624e-05, 0.7867633</discrete>
  </state>
  <state id="12" initial="0.00000000">
   <discrete id="0" order="1">0.32924852, 0.67065611, 4.7682624e-05, 4.7682624e-05, 0.32924852, 0.67065611, 4.7682624e-05, 4.7682624e-05, 0.32924852, 0.67065611, 4.7682624e-05, 4.7682624e-05, 0.32924852, 0.67065611, 4.7682624e-05, 4.7682624e-05</discrete>
  </state>
  <state id="13" initial="0.00000000">
   <discrete id="0" order="1">0.99985695, 4.7682624e-05, 4.7682624e-05, 4.7682624e-05, 0.99985695, 4.7682624e-05, 4.7682624e-05, 4.7682624e-05, 0.99985695, 4.7682624e-05, 4.7682624e-05, 4.7682624e-05, 0.99985695, 4.7682624e-05, 4.7682624e-05, 4.7682624e-05</discrete>
  </state>
  <state id="14" initial="0.00000000">
   <discrete id="0" order="1">0.0097272554, 0.17666412, 0.048493229, 0.76511539, 0.0097272554, 0.17666412, 0.048493229, 0.76511539, 0.0097272554, 0.17666412, 0.048493229, 0.76511539, 0.0097272554, 0.17666412, 0.048493229, 0.76511539</discrete>
  </state>
  <transition source="0" target="1">
   <probability>1</probability>
  </transition>
  <transition source="1" target="1">
   <probability>0.99</probability>
  </transition>
  <transition source="1" target="2">
   <probability>0.01</probability>
  </transition>
  <transition source="2" target="3">
   <probability>1</probability>
  </transition>
  <transition source="3" target="4">
   <probability>1</probability>
  </transition>
  <transition source="4" target="5">
   <probability>1</probability>
  </transition>
  <transition source="5" target="6">
   <probability>1</probability>
  </transition>
  <transition source="6" target="7">
   <probability>1</probability>
  </transition>
  <transition source="7" target="8">
   <probability>1</probability>
  </transition>
  <transition source="8" target="9">
   <probability>1</probability>
  </transition>
  <transition source="9" target="10">
   <probability>1</probability>
  </transition>
  <transition source="10" target="11">
   <probability>1</probability>
  </transition>
  <transition source="11" target="12">
   <probability>1</probability>
  </transition>
  <transition source="12" target="13">
   <probability>1</probability>
  </transition>
  <transition source="13" target="14">
   <probability>1</probability>
  </transition>
  <transition source="14" target="1">
   <probability>1</probability>
  </transition>
 </HMM>
</mixture>
