<?xml version="1.0" encoding="ISO-8859-1"?>
<!DOCTYPE mixture PUBLIC "-//ghmm.org//DOCUMENT ghmm V1.0//EN" "http://ghmm.sourceforge.net/xml/1.0/ghmm.dtd">
<mixture version="1.0" noComponents="1">
 <HMM name="" type="higher-order discrete">
  <alphabet id="0">
   <symbol code="0">A</symbol>
   <symbol code="1">C</symbol>
   <symbol code="2">G</symbol>
   <symbol code="3">T</symbol>
  </alphabet>
  <state id="0" initial="1.00000000">
   <discrete id="0">0.25, 0.25, 0.25, 0.25</discrete>
  </state>
  <state id="1" initial="0.00000000">
   <discrete id="0" order="1">0.25, 0.25, 0.25, 0.25, 0.25, 0.25, 0.25, 0.25, 0.25, 0.25, 0.25, 0.25, 0.25, 0.25, 0.25, 0.25</discrete>
  </state>
  <state id="2" initial="0.00000000">
   <discrete id="0" order="1">0.42226651, 0.22508542, 0.28260251, 0.070045558, 0.42226651, 0.22508542, 0.28260251, 0.070045558, 0.42226651, 0.22508542, 0.28260251, 0.070045558, 0.42226651, 0.22508542, 0.28260251, 0.070045558</discrete>
  </state>
  <state id="3" initial="0.00000000">
   <discrete id="0" order="1">0.40105353, 0.25056948, 0.15361617, 0.19476082, 0.40105353, 0.25056948, 0.15361617, 0.19476082, 0.40105353, 0.25056948, 0.15361617, 0.19476082, 0.40105353, 0.25056948, 0.15361617, 0.19476082</discrete>
  </state>
  <state id="4" initial="0.00000000">
   <discrete id="0" order="1">0.40176538, 0.25071185, 0.16756834, 0.17995444, 0.40176538, 0.25071185, 0.16756834, 0.17995444, 0.40176538, 0.25071185, 0.16756834, 0.17995444, 0.40176538, 0.25071185, 0.16756834, 0.17995444</discrete>
  </state>
  <state id="5" initial="0.00000000">
   <discrete id="0" order="1">0.093394077, 0.31734055, 0.15518223, 0.43408314, 0.093394077, 0.31734055, 0.15518223, 0.43408314, 0.093394077, 0.31734055, 0.15518223, 0.43408314, 0.093394077, 0.31734055, 0.15518223, 0.43408314</discrete>
  </state>
  <state id="6" initial="0.00000000">
   <discrete id="0" order="1">0.096099089, 0.29570046, 0.38553531, 0.22266515, 0.096099089, 0.29570046, 0.38553531, 0.22266515, 0.096099089, 0.29570046, 0.38553531, 0.22266515, 0.096099089, 0.29570046, 0.38553531, 0.22266515</discrete>
  </state>
  <state id="7" initial="0.00000000">
   <discrete id="0" order="1">0.40333144, 0.15546697, 0.42411731, 0.017084282, 0.40333144, 0.15546697, 0.42411731, 0.017084282, 0.40333144, 0.15546697, 0.42411731, 0.017084282, 0.40333144, 0.15546697, 0.42411731, 0.017084282</discrete>
  </state>
  <state id="8" initial="0.00000000">
   <discrete id="0" order="1">0.49971526, 0.019931663, 0.41600228, 0.064350797, 0.49971526, 0.019931663, 0.41600228, 0.064350797, 0.49971526, 0.019931663, 0.41600228, 0.064350797, 0.49971526, 0.019931663, 0.41600228, 0.064350797</discrete>
  </state>
  <state id="9" initial="0.00000000">
   <discrete id="0" order="1">0.00014236902, 0.99957289, 0.00014236902, 0.00014236902, 0.00014236902, 0.99957289, 0.00014236902, 0.00014236902, 0.00014236902, 0.99957289, 0.00014236902, 0.00014236902, 0.00014236902, 0.99957289, 0.00014236902, 0.00014236902</discrete>
  </state>
  <state id="10" initial="0.00000000">
   <discrete id="0" order="1">0.00014236902, 0.99957289, 0.00014236902, 0.00014236902, 0.00014236902, 0.99957289, 0.00014236902, 0.00014236902, 0.00014236902, 0.99957289, 0.00014236902, 0.00014236902, 0.00014236902, 0.99957289, 0.00014236902, 0.00014236902</discrete>
  </state>
  <state id="11" initial="0.00000000">
   <discrete id="0" order="1">0.99957289, 0.00014236902, 0.00014236902, 0.00014236902, 0.99957289, 0.00014236902, 0.00014236902, 0.00014236902, 0.99957289, 0.00014236902, 0.00014236902, 0.00014236902, 0.99957289, 0.00014236902, 0.00014236902, 0.00014236902</discrete>
  </state>
  <state id="12" initial="0.00000000">
   <discrete id="0" order="1">0.99715262, 0.00014236902, 0.0025626424, 0.00014236902, 0.99715262, 0.00014236902, 0.0025626424, 0.00014236902, 0.99715262, 0.00014236902, 0.0025626424, 0.00014236902, 0.99715262, 0.00014236902, 0.0025626424, 0.00014236902</discrete>
  </state>
  <state id="13" initial="0.00000000">
   <discrete id="0" order="1">0.00014236902, 0.00014236902, 0.00014236902, 0.99957289, 0.00014236902, 0.00014236902, 0.00014236902, 0.99957289, 0.00014236902, 0.00014236902, 0.00014236902, 0.99957289, 0.00014236902, 0.00014236902, 0.00014236902, 0.99957289</discrete>
  </state>
  <state id="14" initial="0.00000000">
   <discrete id="0" order="1">0.058940774, 0.68066629, 0.24345103, 0.016941913, 0.058940774, 0.68066629, 0.24345103, 0.016941913, 0.058940774, 0.68066629, 0.24345103, 0.016941913, 0.058940774, 0.68066629, 0.24345103, 0.016941913</discrete>
  </state>
  <state id="15" initial="0.00000000">
   <discrete id="0" order="1">0.77662301, 0.013952164, 0.20757403, 0.0018507973, 0.77662301, 0.013952164, 0.20757403, 0.0018507973, 0.77662301, 0.013952164, 0.20757403, 0.0018507973, 0.77662301, 0.013952164, 0.20757403, 0.0018507973</discrete>
  </state>
  <state id="16" initial="0.00000000">
   <discrete id="0" order="1">0.10335991, 0.13439636, 0.73134966, 0.030894077, 0.10335991, 0.13439636, 0.73134966, 0.030894077, 0.10335991, 0.13439636, 0.73134966, 0.030894077, 0.10335991, 0.13439636, 0.73134966, 0.030894077</discrete>
  </state>
  <transition source="0" target="1">
   <probability>1</probability>
  </transition>
  <transition source="1" target="1">
   <probability>0.99</probability>
  </transition>
  <transition source="1" target="2">
   <probability>0.01</probability>
  </transition>
  <transition source="2" target="3">
   <probability>1</probability>
  </transition>
  <transition source="3" target="4">
   <probability>1</probability>
  </transition>
  <transition source="4" target="5">
   <probability>1</probability>
  </transition>
  <transition source="5" target="6">
   <probability>1</probability>
  </transition>
  <transition source="6" target="7">
   <probability>1</probability>
  </transition>
  <transition source="7" target="8">
   <probability>1</probability>
  </transition>
  <transition source="8" target="9">
   <probability>1</probability>
  </transition>
  <transition source="9" target="10">
   <probability>1</probability>
  </transition>
  <transition source="10" target="11">
   <probability>1</probability>
  </transition>
  <transition source="11" target="12">
   <probability>1</probability>
  </transition>
  <transition source="12" target="13">
   <probability>1</probability>
  </transition>
  <transition source="13" target="14">
   <probability>1</probability>
  </transition>
  <transition source="14" target="15">
   <probability>1</probability>
  </transition>
  <transition source="15" target="16">
   <probability>1</probability>
  </transition>
  <transition source="16" target="1">
   <probability>1</probability>
  </transition>
 </HMM>
</mixture>
