<?xml version="1.0" encoding="ISO-8859-1"?>
<!DOCTYPE mixture PUBLIC "-//ghmm.org//DOCUMENT ghmm V1.0//EN" "http://ghmm.sourceforge.net/xml/1.0/ghmm.dtd">
<mixture version="1.0" noComponents="1">
 <HMM name="" type="higher-order discrete">
  <alphabet id="0">
   <symbol code="0">A</symbol>
   <symbol code="1">C</symbol>
   <symbol code="2">G</symbol>
   <symbol code="3">T</symbol>
  </alphabet>
  <state id="0" initial="1.00000000">
   <discrete id="0">0.25, 0.25, 0.25, 0.25</discrete>
  </state>
  <state id="1" initial="0.00000000">
   <discrete id="0" order="1">0.25, 0.25, 0.25, 0.25, 0.25, 0.25, 0.25, 0.25, 0.25, 0.25, 0.25, 0.25, 0.25, 0.25, 0.25, 0.25</discrete>
  </state>
  <state id="2" initial="0.00000000">
   <discrete id="0" order="1">0.52170114, 0.095543257, 0.23944072, 0.14331488, 0.52170114, 0.095543257, 0.23944072, 0.14331488, 0.52170114, 0.095543257, 0.23944072, 0.14331488, 0.52170114, 0.095543257, 0.23944072, 0.14331488</discrete>
  </state>
  <state id="3" initial="0.00000000">
   <discrete id="0" order="1">0.3737256, 0.05621905, 0.42761433, 0.14244101, 0.3737256, 0.05621905, 0.42761433, 0.14244101, 0.3737256, 0.05621905, 0.42761433, 0.14244101, 0.3737256, 0.05621905, 0.42761433, 0.14244101</discrete>
  </state>
  <state id="4" initial="0.00000000">
   <discrete id="0" order="1">0.10049519, 0.51791436, 0.37663851, 0.0049519371, 0.10049519, 0.51791436, 0.37663851, 0.0049519371, 0.10049519, 0.51791436, 0.37663851, 0.0049519371, 0.10049519, 0.51791436, 0.37663851, 0.0049519371</discrete>
  </state>
  <state id="5" initial="0.00000000">
   <discrete id="0" order="1">0.00029129042, 0.99912613, 0.00029129042, 0.00029129042, 0.00029129042, 0.99912613, 0.00029129042, 0.00029129042, 0.00029129042, 0.99912613, 0.00029129042, 0.00029129042, 0.00029129042, 0.99912613, 0.00029129042, 0.00029129042</discrete>
  </state>
  <state id="6" initial="0.00000000">
   <discrete id="0" order="1">0.71890475, 0.0020390329, 0.00029129042, 0.27876493, 0.71890475, 0.0020390329, 0.00029129042, 0.27876493, 0.71890475, 0.0020390329, 0.00029129042, 0.27876493, 0.71890475, 0.0020390329, 0.00029129042, 0.27876493</discrete>
  </state>
  <state id="7" initial="0.00000000">
   <discrete id="0" order="1">0.00029129042, 0.99912613, 0.00029129042, 0.00029129042, 0.00029129042, 0.99912613, 0.00029129042, 0.00029129042, 0.00029129042, 0.99912613, 0.00029129042, 0.00029129042, 0.00029129042, 0.99912613, 0.00029129042, 0.00029129042</discrete>
  </state>
  <state id="8" initial="0.00000000">
   <discrete id="0" order="1">0.00029129042, 0.00029129042, 0.00029129042, 0.99912613, 0.00029129042, 0.00029129042, 0.00029129042, 0.99912613, 0.00029129042, 0.00029129042, 0.00029129042, 0.99912613, 0.00029129042, 0.00029129042, 0.00029129042, 0.99912613</discrete>
  </state>
  <state id="9" initial="0.00000000">
   <discrete id="0" order="1">0.00029129042, 0.98805709, 0.00029129042, 0.011360326, 0.00029129042, 0.98805709, 0.00029129042, 0.011360326, 0.00029129042, 0.98805709, 0.00029129042, 0.011360326, 0.00029129042, 0.98805709, 0.00029129042, 0.011360326</discrete>
  </state>
  <state id="10" initial="0.00000000">
   <discrete id="0" order="1">0.8327993, 0.12583746, 0.00029129042, 0.041071949, 0.8327993, 0.12583746, 0.00029129042, 0.041071949, 0.8327993, 0.12583746, 0.00029129042, 0.041071949, 0.8327993, 0.12583746, 0.00029129042, 0.041071949</discrete>
  </state>
  <state id="11" initial="0.00000000">
   <discrete id="0" order="1">0.66006408, 0.0011651617, 0.24060588, 0.09816487, 0.66006408, 0.0011651617, 0.24060588, 0.09816487, 0.66006408, 0.0011651617, 0.24060588, 0.09816487, 0.66006408, 0.0011651617, 0.24060588, 0.09816487</discrete>
  </state>
  <state id="12" initial="0.00000000">
   <discrete id="0" order="1">0.14651908, 0.27876493, 0.52315759, 0.051558404, 0.14651908, 0.27876493, 0.52315759, 0.051558404, 0.14651908, 0.27876493, 0.52315759, 0.051558404, 0.14651908, 0.27876493, 0.52315759, 0.051558404</discrete>
  </state>
  <transition source="0" target="1">
   <probability>1</probability>
  </transition>
  <transition source="1" target="1">
   <probability>0.99</probability>
  </transition>
  <transition source="1" target="2">
   <probability>0.01</probability>
  </transition>
  <transition source="2" target="3">
   <probability>1</probability>
  </transition>
  <transition source="3" target="4">
   <probability>1</probability>
  </transition>
  <transition source="4" target="5">
   <probability>1</probability>
  </transition>
  <transition source="5" target="6">
   <probability>1</probability>
  </transition>
  <transition source="6" target="7">
   <probability>1</probability>
  </transition>
  <transition source="7" target="8">
   <probability>1</probability>
  </transition>
  <transition source="8" target="9">
   <probability>1</probability>
  </transition>
  <transition source="9" target="10">
   <probability>1</probability>
  </transition>
  <transition source="10" target="11">
   <probability>1</probability>
  </transition>
  <transition source="11" target="12">
   <probability>1</probability>
  </transition>
  <transition source="12" target="1">
   <probability>1</probability>
  </transition>
 </HMM>
</mixture>
