<?xml version="1.0" encoding="ISO-8859-1"?>
<!DOCTYPE mixture PUBLIC "-//ghmm.org//DOCUMENT ghmm V1.0//EN" "http://ghmm.sourceforge.net/xml/1.0/ghmm.dtd">
<mixture version="1.0" noComponents="1">
 <HMM name="" type="higher-order discrete">
  <alphabet id="0">
   <symbol code="0">A</symbol>
   <symbol code="1">C</symbol>
   <symbol code="2">G</symbol>
   <symbol code="3">T</symbol>
  </alphabet>
  <state id="0" initial="1.00000000">
   <discrete id="0">0.25, 0.25, 0.25, 0.25</discrete>
  </state>
  <state id="1" initial="0.00000000">
   <discrete id="0" order="1">0.25, 0.25, 0.25, 0.25, 0.25, 0.25, 0.25, 0.25, 0.25, 0.25, 0.25, 0.25, 0.25, 0.25, 0.25, 0.25</discrete>
  </state>
  <state id="2" initial="0.00000000">
   <discrete id="0" order="1">0.19094215, 0.065304414, 0.025640355, 0.71811308, 0.19094215, 0.065304414, 0.025640355, 0.71811308, 0.19094215, 0.065304414, 0.025640355, 0.71811308, 0.19094215, 0.065304414, 0.025640355, 0.71811308</discrete>
  </state>
  <state id="3" initial="0.00000000">
   <discrete id="0" order="1">0.96810654, 2.6163627e-05, 0.031841134, 2.6163627e-05, 0.96810654, 2.6163627e-05, 0.031841134, 2.6163627e-05, 0.96810654, 2.6163627e-05, 0.031841134, 2.6163627e-05, 0.96810654, 2.6163627e-05, 0.031841134, 2.6163627e-05</discrete>
  </state>
  <state id="4" initial="0.00000000">
   <discrete id="0" order="1">0.99992151, 2.6163627e-05, 2.6163627e-05, 2.6163627e-05, 0.99992151, 2.6163627e-05, 2.6163627e-05, 2.6163627e-05, 0.99992151, 2.6163627e-05, 2.6163627e-05, 2.6163627e-05, 0.99992151, 2.6163627e-05, 2.6163627e-05, 2.6163627e-05</discrete>
  </state>
  <state id="5" initial="0.00000000">
   <discrete id="0" order="1">0.13680961, 0.30548651, 0.052405746, 0.50529813, 0.13680961, 0.30548651, 0.052405746, 0.50529813, 0.13680961, 0.30548651, 0.052405746, 0.50529813, 0.13680961, 0.30548651, 0.052405746, 0.50529813</discrete>
  </state>
  <state id="6" initial="0.00000000">
   <discrete id="0" order="1">2.6163627e-05, 0.43115041, 0.13034719, 0.43847623, 2.6163627e-05, 0.43115041, 0.13034719, 0.43847623, 2.6163627e-05, 0.43115041, 0.13034719, 0.43847623, 2.6163627e-05, 0.43115041, 0.13034719, 0.43847623</discrete>
  </state>
  <state id="7" initial="0.00000000">
   <discrete id="0" order="1">2.6163627e-05, 0.36503493, 0.16033071, 0.4746082, 2.6163627e-05, 0.36503493, 0.16033071, 0.4746082, 2.6163627e-05, 0.36503493, 0.16033071, 0.4746082, 2.6163627e-05, 0.36503493, 0.16033071, 0.4746082</discrete>
  </state>
  <state id="8" initial="0.00000000">
   <discrete id="0" order="1">0.92302661, 0.075612883, 2.6163627e-05, 0.001334345, 0.92302661, 0.075612883, 2.6163627e-05, 0.001334345, 0.92302661, 0.075612883, 2.6163627e-05, 0.001334345, 0.92302661, 0.075612883, 2.6163627e-05, 0.001334345</discrete>
  </state>
  <state id="9" initial="0.00000000">
   <discrete id="0" order="1">0.99992151, 2.6163627e-05, 2.6163627e-05, 2.6163627e-05, 0.99992151, 2.6163627e-05, 2.6163627e-05, 2.6163627e-05, 0.99992151, 2.6163627e-05, 2.6163627e-05, 2.6163627e-05, 0.99992151, 2.6163627e-05, 2.6163627e-05, 2.6163627e-05</discrete>
  </state>
  <state id="10" initial="0.00000000">
   <discrete id="0" order="1">2.6163627e-05, 2.6163627e-05, 2.6163627e-05, 0.99992151, 2.6163627e-05, 2.6163627e-05, 2.6163627e-05, 0.99992151, 2.6163627e-05, 2.6163627e-05, 2.6163627e-05, 0.99992151, 2.6163627e-05, 2.6163627e-05, 2.6163627e-05, 0.99992151</discrete>
  </state>
  <state id="11" initial="0.00000000">
   <discrete id="0" order="1">2.6163627e-05, 0.97875513, 2.6163627e-05, 0.021192538, 2.6163627e-05, 0.97875513, 2.6163627e-05, 0.021192538, 2.6163627e-05, 0.97875513, 2.6163627e-05, 0.021192538, 2.6163627e-05, 0.97875513, 2.6163627e-05, 0.021192538</discrete>
  </state>
  <state id="12" initial="0.00000000">
   <discrete id="0" order="1">0.88430444, 2.6163627e-05, 2.6163627e-05, 0.11564323, 0.88430444, 2.6163627e-05, 2.6163627e-05, 0.11564323, 0.88430444, 2.6163627e-05, 2.6163627e-05, 0.11564323, 0.88430444, 2.6163627e-05, 2.6163627e-05, 0.11564323</discrete>
  </state>
  <transition source="0" target="1">
   <probability>1</probability>
  </transition>
  <transition source="1" target="1">
   <probability>0.99</probability>
  </transition>
  <transition source="1" target="2">
   <probability>0.01</probability>
  </transition>
  <transition source="2" target="3">
   <probability>1</probability>
  </transition>
  <transition source="3" target="4">
   <probability>1</probability>
  </transition>
  <transition source="4" target="5">
   <probability>1</probability>
  </transition>
  <transition source="5" target="6">
   <probability>1</probability>
  </transition>
  <transition source="6" target="7">
   <probability>1</probability>
  </transition>
  <transition source="7" target="8">
   <probability>1</probability>
  </transition>
  <transition source="8" target="9">
   <probability>1</probability>
  </transition>
  <transition source="9" target="10">
   <probability>1</probability>
  </transition>
  <transition source="10" target="11">
   <probability>1</probability>
  </transition>
  <transition source="11" target="12">
   <probability>1</probability>
  </transition>
  <transition source="12" target="1">
   <probability>1</probability>
  </transition>
 </HMM>
</mixture>
