<?xml version="1.0" encoding="ISO-8859-1"?>
<!DOCTYPE mixture PUBLIC "-//ghmm.org//DOCUMENT ghmm V1.0//EN" "http://ghmm.sourceforge.net/xml/1.0/ghmm.dtd">
<mixture version="1.0" noComponents="1">
 <HMM name="" type="higher-order discrete">
  <alphabet id="0">
   <symbol code="0">A</symbol>
   <symbol code="1">C</symbol>
   <symbol code="2">G</symbol>
   <symbol code="3">T</symbol>
  </alphabet>
  <state id="0" initial="1.00000000">
   <discrete id="0">0.25, 0.25, 0.25, 0.25</discrete>
  </state>
  <state id="1" initial="0.00000000">
   <discrete id="0" order="1">0.25, 0.25, 0.25, 0.25, 0.25, 0.25, 0.25, 0.25, 0.25, 0.25, 0.25, 0.25, 0.25, 0.25, 0.25, 0.25</discrete>
  </state>
  <state id="2" initial="0.00000000">
   <discrete id="0" order="1">0.18805132, 0.11146752, 0.19206095, 0.50842021, 0.18805132, 0.11146752, 0.19206095, 0.50842021, 0.18805132, 0.11146752, 0.19206095, 0.50842021, 0.18805132, 0.11146752, 0.19206095, 0.50842021</discrete>
  </state>
  <state id="3" initial="0.00000000">
   <discrete id="0" order="1">0.051323176, 0.51323176, 0.30192462, 0.13352045, 0.051323176, 0.51323176, 0.30192462, 0.13352045, 0.051323176, 0.51323176, 0.30192462, 0.13352045, 0.051323176, 0.51323176, 0.30192462, 0.13352045</discrete>
  </state>
  <state id="4" initial="0.00000000">
   <discrete id="0" order="1">0.035284683, 0.56415397, 0.084202085, 0.31635926, 0.035284683, 0.56415397, 0.084202085, 0.31635926, 0.035284683, 0.56415397, 0.084202085, 0.31635926, 0.035284683, 0.56415397, 0.084202085, 0.31635926</discrete>
  </state>
  <state id="5" initial="0.00000000">
   <discrete id="0" order="1">0.00040096231, 0.00040096231, 0.00040096231, 0.99879711, 0.00040096231, 0.00040096231, 0.00040096231, 0.99879711, 0.00040096231, 0.00040096231, 0.00040096231, 0.99879711, 0.00040096231, 0.00040096231, 0.00040096231, 0.99879711</discrete>
  </state>
  <state id="6" initial="0.00000000">
   <discrete id="0" order="1">0.00040096231, 0.00040096231, 0.99879711, 0.00040096231, 0.00040096231, 0.00040096231, 0.99879711, 0.00040096231, 0.00040096231, 0.00040096231, 0.99879711, 0.00040096231, 0.00040096231, 0.00040096231, 0.99879711, 0.00040096231</discrete>
  </state>
  <state id="7" initial="0.00000000">
   <discrete id="0" order="1">0.00040096231, 0.00040096231, 0.00040096231, 0.99879711, 0.00040096231, 0.00040096231, 0.00040096231, 0.99879711, 0.00040096231, 0.00040096231, 0.00040096231, 0.99879711, 0.00040096231, 0.00040096231, 0.00040096231, 0.99879711</discrete>
  </state>
  <state id="8" initial="0.00000000">
   <discrete id="0" order="1">0.00040096231, 0.00040096231, 0.00040096231, 0.99879711, 0.00040096231, 0.00040096231, 0.00040096231, 0.99879711, 0.00040096231, 0.00040096231, 0.00040096231, 0.99879711, 0.00040096231, 0.00040096231, 0.00040096231, 0.99879711</discrete>
  </state>
  <state id="9" initial="0.00000000">
   <discrete id="0" order="1">0.00040096231, 0.00040096231, 0.11547715, 0.88372093, 0.00040096231, 0.00040096231, 0.11547715, 0.88372093, 0.00040096231, 0.00040096231, 0.11547715, 0.88372093, 0.00040096231, 0.00040096231, 0.11547715, 0.88372093</discrete>
  </state>
  <state id="10" initial="0.00000000">
   <discrete id="0" order="1">0.75060144, 0.063352045, 0.00040096231, 0.18564555, 0.75060144, 0.063352045, 0.00040096231, 0.18564555, 0.75060144, 0.063352045, 0.00040096231, 0.18564555, 0.75060144, 0.063352045, 0.00040096231, 0.18564555</discrete>
  </state>
  <state id="11" initial="0.00000000">
   <discrete id="0" order="1">0.00040096231, 0.80513232, 0.00040096231, 0.19406576, 0.00040096231, 0.80513232, 0.00040096231, 0.19406576, 0.00040096231, 0.80513232, 0.00040096231, 0.19406576, 0.00040096231, 0.80513232, 0.00040096231, 0.19406576</discrete>
  </state>
  <state id="12" initial="0.00000000">
   <discrete id="0" order="1">0.43023256, 0.23015237, 0.028869286, 0.31074579, 0.43023256, 0.23015237, 0.028869286, 0.31074579, 0.43023256, 0.23015237, 0.028869286, 0.31074579, 0.43023256, 0.23015237, 0.028869286, 0.31074579</discrete>
  </state>
  <transition source="0" target="1">
   <probability>1</probability>
  </transition>
  <transition source="1" target="1">
   <probability>0.99</probability>
  </transition>
  <transition source="1" target="2">
   <probability>0.01</probability>
  </transition>
  <transition source="2" target="3">
   <probability>1</probability>
  </transition>
  <transition source="3" target="4">
   <probability>1</probability>
  </transition>
  <transition source="4" target="5">
   <probability>1</probability>
  </transition>
  <transition source="5" target="6">
   <probability>1</probability>
  </transition>
  <transition source="6" target="7">
   <probability>1</probability>
  </transition>
  <transition source="7" target="8">
   <probability>1</probability>
  </transition>
  <transition source="8" target="9">
   <probability>1</probability>
  </transition>
  <transition source="9" target="10">
   <probability>1</probability>
  </transition>
  <transition source="10" target="11">
   <probability>1</probability>
  </transition>
  <transition source="11" target="12">
   <probability>1</probability>
  </transition>
  <transition source="12" target="1">
   <probability>1</probability>
  </transition>
 </HMM>
</mixture>
