<?xml version="1.0" encoding="ISO-8859-1"?>
<!DOCTYPE mixture PUBLIC "-//ghmm.org//DOCUMENT ghmm V1.0//EN" "http://ghmm.sourceforge.net/xml/1.0/ghmm.dtd">
<mixture version="1.0" noComponents="1">
 <HMM name="" type="higher-order discrete">
  <alphabet id="0">
   <symbol code="0">A</symbol>
   <symbol code="1">C</symbol>
   <symbol code="2">G</symbol>
   <symbol code="3">T</symbol>
  </alphabet>
  <state id="0" initial="1.00000000">
   <discrete id="0">0.25, 0.25, 0.25, 0.25</discrete>
  </state>
  <state id="1" initial="0.00000000">
   <discrete id="0" order="1">0.25, 0.25, 0.25, 0.25, 0.25, 0.25, 0.25, 0.25, 0.25, 0.25, 0.25, 0.25, 0.25, 0.25, 0.25, 0.25</discrete>
  </state>
  <state id="2" initial="0.00000000">
   <discrete id="0" order="1">0.11442483, 0.3458308, 0.18149726, 0.35824711, 0.11442483, 0.3458308, 0.18149726, 0.35824711, 0.11442483, 0.3458308, 0.18149726, 0.35824711, 0.11442483, 0.3458308, 0.18149726, 0.35824711</discrete>
  </state>
  <state id="3" initial="0.00000000">
   <discrete id="0" order="1">0.19220937, 0.28411442, 0.26025563, 0.26342057, 0.19220937, 0.28411442, 0.26025563, 0.26342057, 0.19220937, 0.28411442, 0.26025563, 0.26342057, 0.19220937, 0.28411442, 0.26025563, 0.26342057</discrete>
  </state>
  <state id="4" initial="0.00000000">
   <discrete id="0" order="1">0.1185636, 0.39707851, 0.38429702, 0.10006086, 0.1185636, 0.39707851, 0.38429702, 0.10006086, 0.1185636, 0.39707851, 0.38429702, 0.10006086, 0.1185636, 0.39707851, 0.38429702, 0.10006086</discrete>
  </state>
  <state id="5" initial="0.00000000">
   <discrete id="0" order="1">0.99963481, 0.00012172855, 0.00012172855, 0.00012172855, 0.99963481, 0.00012172855, 0.00012172855, 0.00012172855, 0.99963481, 0.00012172855, 0.00012172855, 0.00012172855, 0.99963481, 0.00012172855, 0.00012172855, 0.00012172855</discrete>
  </state>
  <state id="6" initial="0.00000000">
   <discrete id="0" order="1">0.91880706, 0.00012172855, 0.027997565, 0.053073646, 0.91880706, 0.00012172855, 0.027997565, 0.053073646, 0.91880706, 0.00012172855, 0.027997565, 0.053073646, 0.91880706, 0.00012172855, 0.027997565, 0.053073646</discrete>
  </state>
  <state id="7" initial="0.00000000">
   <discrete id="0" order="1">0.00012172855, 0.00012172855, 0.00012172855, 0.99963481, 0.00012172855, 0.00012172855, 0.00012172855, 0.99963481, 0.00012172855, 0.00012172855, 0.00012172855, 0.99963481, 0.00012172855, 0.00012172855, 0.00012172855, 0.99963481</discrete>
  </state>
  <state id="8" initial="0.00000000">
   <discrete id="0" order="1">0.2891053, 0.70286062, 0.00012172855, 0.0079123554, 0.2891053, 0.70286062, 0.00012172855, 0.0079123554, 0.2891053, 0.70286062, 0.00012172855, 0.0079123554, 0.2891053, 0.70286062, 0.00012172855, 0.0079123554</discrete>
  </state>
  <state id="9" initial="0.00000000">
   <discrete id="0" order="1">0.17224589, 0.82751065, 0.00012172855, 0.00012172855, 0.17224589, 0.82751065, 0.00012172855, 0.00012172855, 0.17224589, 0.82751065, 0.00012172855, 0.00012172855, 0.17224589, 0.82751065, 0.00012172855, 0.00012172855</discrete>
  </state>
  <state id="10" initial="0.00000000">
   <discrete id="0" order="1">0.99963481, 0.00012172855, 0.00012172855, 0.00012172855, 0.99963481, 0.00012172855, 0.00012172855, 0.00012172855, 0.99963481, 0.00012172855, 0.00012172855, 0.00012172855, 0.99963481, 0.00012172855, 0.00012172855, 0.00012172855</discrete>
  </state>
  <state id="11" initial="0.00000000">
   <discrete id="0" order="1">0.00012172855, 0.99963481, 0.00012172855, 0.00012172855, 0.00012172855, 0.99963481, 0.00012172855, 0.00012172855, 0.00012172855, 0.99963481, 0.00012172855, 0.00012172855, 0.00012172855, 0.99963481, 0.00012172855, 0.00012172855</discrete>
  </state>
  <state id="12" initial="0.00000000">
   <discrete id="0" order="1">0.86902009, 0.00012172855, 0.00012172855, 0.13073646, 0.86902009, 0.00012172855, 0.00012172855, 0.13073646, 0.86902009, 0.00012172855, 0.00012172855, 0.13073646, 0.86902009, 0.00012172855, 0.00012172855, 0.13073646</discrete>
  </state>
  <transition source="0" target="1">
   <probability>1</probability>
  </transition>
  <transition source="1" target="1">
   <probability>0.99</probability>
  </transition>
  <transition source="1" target="2">
   <probability>0.01</probability>
  </transition>
  <transition source="2" target="3">
   <probability>1</probability>
  </transition>
  <transition source="3" target="4">
   <probability>1</probability>
  </transition>
  <transition source="4" target="5">
   <probability>1</probability>
  </transition>
  <transition source="5" target="6">
   <probability>1</probability>
  </transition>
  <transition source="6" target="7">
   <probability>1</probability>
  </transition>
  <transition source="7" target="8">
   <probability>1</probability>
  </transition>
  <transition source="8" target="9">
   <probability>1</probability>
  </transition>
  <transition source="9" target="10">
   <probability>1</probability>
  </transition>
  <transition source="10" target="11">
   <probability>1</probability>
  </transition>
  <transition source="11" target="12">
   <probability>1</probability>
  </transition>
  <transition source="12" target="1">
   <probability>1</probability>
  </transition>
 </HMM>
</mixture>
