<?xml version="1.0" encoding="ISO-8859-1"?>
<!DOCTYPE mixture PUBLIC "-//ghmm.org//DOCUMENT ghmm V1.0//EN" "http://ghmm.sourceforge.net/xml/1.0/ghmm.dtd">
<mixture version="1.0" noComponents="1">
 <HMM name="" type="higher-order discrete">
  <alphabet id="0">
   <symbol code="0">A</symbol>
   <symbol code="1">C</symbol>
   <symbol code="2">G</symbol>
   <symbol code="3">T</symbol>
  </alphabet>
  <state id="0" initial="1.00000000">
   <discrete id="0">0.25, 0.25, 0.25, 0.25</discrete>
  </state>
  <state id="1" initial="0.00000000">
   <discrete id="0" order="1">0.25, 0.25, 0.25, 0.25, 0.25, 0.25, 0.25, 0.25, 0.25, 0.25, 0.25, 0.25, 0.25, 0.25, 0.25, 0.25</discrete>
  </state>
  <state id="2" initial="0.00000000">
   <discrete id="0" order="1">0.29445853, 0.029337197, 0.50959797, 0.1666063, 0.29445853, 0.029337197, 0.50959797, 0.1666063, 0.29445853, 0.029337197, 0.50959797, 0.1666063, 0.29445853, 0.029337197, 0.50959797, 0.1666063</discrete>
  </state>
  <state id="3" initial="0.00000000">
   <discrete id="0" order="1">0.16044911, 0.14741036, 0.69177834, 0.00036218761, 0.16044911, 0.14741036, 0.69177834, 0.00036218761, 0.16044911, 0.14741036, 0.69177834, 0.00036218761, 0.16044911, 0.14741036, 0.69177834, 0.00036218761</discrete>
  </state>
  <state id="4" initial="0.00000000">
   <discrete id="0" order="1">0.00036218761, 0.00036218761, 0.99891344, 0.00036218761, 0.00036218761, 0.00036218761, 0.99891344, 0.00036218761, 0.00036218761, 0.00036218761, 0.99891344, 0.00036218761, 0.00036218761, 0.00036218761, 0.99891344, 0.00036218761</discrete>
  </state>
  <state id="5" initial="0.00000000">
   <discrete id="0" order="1">0.24375226, 0.70807678, 0.00036218761, 0.047808765, 0.24375226, 0.70807678, 0.00036218761, 0.047808765, 0.24375226, 0.70807678, 0.00036218761, 0.047808765, 0.24375226, 0.70807678, 0.00036218761, 0.047808765</discrete>
  </state>
  <state id="6" initial="0.00000000">
   <discrete id="0" order="1">0.0028975009, 0.00036218761, 0.99637812, 0.00036218761, 0.0028975009, 0.00036218761, 0.99637812, 0.00036218761, 0.0028975009, 0.00036218761, 0.99637812, 0.00036218761, 0.0028975009, 0.00036218761, 0.99637812, 0.00036218761</discrete>
  </state>
  <state id="7" initial="0.00000000">
   <discrete id="0" order="1">0.00036218761, 0.00036218761, 0.99891344, 0.00036218761, 0.00036218761, 0.00036218761, 0.99891344, 0.00036218761, 0.00036218761, 0.00036218761, 0.99891344, 0.00036218761, 0.00036218761, 0.00036218761, 0.99891344, 0.00036218761</discrete>
  </state>
  <state id="8" initial="0.00000000">
   <discrete id="0" order="1">0.0076059399, 0.010865628, 0.98116624, 0.00036218761, 0.0076059399, 0.010865628, 0.98116624, 0.00036218761, 0.0076059399, 0.010865628, 0.98116624, 0.00036218761, 0.0076059399, 0.010865628, 0.98116624, 0.00036218761</discrete>
  </state>
  <state id="9" initial="0.00000000">
   <discrete id="0" order="1">0.99891344, 0.00036218761, 0.00036218761, 0.00036218761, 0.99891344, 0.00036218761, 0.00036218761, 0.00036218761, 0.99891344, 0.00036218761, 0.00036218761, 0.00036218761, 0.99891344, 0.00036218761, 0.00036218761, 0.00036218761</discrete>
  </state>
  <state id="10" initial="0.00000000">
   <discrete id="0" order="1">0.6110105, 0.00036218761, 0.38826512, 0.00036218761, 0.6110105, 0.00036218761, 0.38826512, 0.00036218761, 0.6110105, 0.00036218761, 0.38826512, 0.00036218761, 0.6110105, 0.00036218761, 0.38826512, 0.00036218761</discrete>
  </state>
  <state id="11" initial="0.00000000">
   <discrete id="0" order="1">0.35820355, 0.16479536, 0.41144513, 0.065555958, 0.35820355, 0.16479536, 0.41144513, 0.065555958, 0.35820355, 0.16479536, 0.41144513, 0.065555958, 0.35820355, 0.16479536, 0.41144513, 0.065555958</discrete>
  </state>
  <state id="12" initial="0.00000000">
   <discrete id="0" order="1">0.27960884, 0.25606664, 0.32959073, 0.13473379, 0.27960884, 0.25606664, 0.32959073, 0.13473379, 0.27960884, 0.25606664, 0.32959073, 0.13473379, 0.27960884, 0.25606664, 0.32959073, 0.13473379</discrete>
  </state>
  <transition source="0" target="1">
   <probability>1</probability>
  </transition>
  <transition source="1" target="1">
   <probability>0.99</probability>
  </transition>
  <transition source="1" target="2">
   <probability>0.01</probability>
  </transition>
  <transition source="2" target="3">
   <probability>1</probability>
  </transition>
  <transition source="3" target="4">
   <probability>1</probability>
  </transition>
  <transition source="4" target="5">
   <probability>1</probability>
  </transition>
  <transition source="5" target="6">
   <probability>1</probability>
  </transition>
  <transition source="6" target="7">
   <probability>1</probability>
  </transition>
  <transition source="7" target="8">
   <probability>1</probability>
  </transition>
  <transition source="8" target="9">
   <probability>1</probability>
  </transition>
  <transition source="9" target="10">
   <probability>1</probability>
  </transition>
  <transition source="10" target="11">
   <probability>1</probability>
  </transition>
  <transition source="11" target="12">
   <probability>1</probability>
  </transition>
  <transition source="12" target="1">
   <probability>1</probability>
  </transition>
 </HMM>
</mixture>
