<?xml version="1.0" encoding="ISO-8859-1"?>
<!DOCTYPE mixture PUBLIC "-//ghmm.org//DOCUMENT ghmm V1.0//EN" "http://ghmm.sourceforge.net/xml/1.0/ghmm.dtd">
<mixture version="1.0" noComponents="1">
 <HMM name="" type="higher-order discrete">
  <alphabet id="0">
   <symbol code="0">A</symbol>
   <symbol code="1">C</symbol>
   <symbol code="2">G</symbol>
   <symbol code="3">T</symbol>
  </alphabet>
  <state id="0" initial="1.00000000">
   <discrete id="0">0.25, 0.25, 0.25, 0.25</discrete>
  </state>
  <state id="1" initial="0.00000000">
   <discrete id="0" order="1">0.25, 0.25, 0.25, 0.25, 0.25, 0.25, 0.25, 0.25, 0.25, 0.25, 0.25, 0.25, 0.25, 0.25, 0.25, 0.25</discrete>
  </state>
  <state id="2" initial="0.00000000">
   <discrete id="0" order="1">0.00048285852, 0.71849348, 0.15982617, 0.12119749, 0.00048285852, 0.71849348, 0.15982617, 0.12119749, 0.00048285852, 0.71849348, 0.15982617, 0.12119749, 0.00048285852, 0.71849348, 0.15982617, 0.12119749</discrete>
  </state>
  <state id="3" initial="0.00000000">
   <discrete id="0" order="1">0.00048285852, 0.74987929, 0.00048285852, 0.249155, 0.00048285852, 0.74987929, 0.00048285852, 0.249155, 0.00048285852, 0.74987929, 0.00048285852, 0.249155, 0.00048285852, 0.74987929, 0.00048285852, 0.249155</discrete>
  </state>
  <state id="4" initial="0.00000000">
   <discrete id="0" order="1">0.12699179, 0.00048285852, 0.00048285852, 0.87204249, 0.12699179, 0.00048285852, 0.00048285852, 0.87204249, 0.12699179, 0.00048285852, 0.00048285852, 0.87204249, 0.12699179, 0.00048285852, 0.00048285852, 0.87204249</discrete>
  </state>
  <state id="5" initial="0.00000000">
   <discrete id="0" order="1">0.00048285852, 0.00048285852, 0.00048285852, 0.99855142, 0.00048285852, 0.00048285852, 0.00048285852, 0.99855142, 0.00048285852, 0.00048285852, 0.00048285852, 0.99855142, 0.00048285852, 0.00048285852, 0.00048285852, 0.99855142</discrete>
  </state>
  <state id="6" initial="0.00000000">
   <discrete id="0" order="1">0.00048285852, 0.00048285852, 0.00048285852, 0.99855142, 0.00048285852, 0.00048285852, 0.00048285852, 0.99855142, 0.00048285852, 0.00048285852, 0.00048285852, 0.99855142, 0.00048285852, 0.00048285852, 0.00048285852, 0.99855142</discrete>
  </state>
  <state id="7" initial="0.00000000">
   <discrete id="0" order="1">0.00048285852, 0.070014486, 0.9290198, 0.00048285852, 0.00048285852, 0.070014486, 0.9290198, 0.00048285852, 0.00048285852, 0.070014486, 0.9290198, 0.00048285852, 0.00048285852, 0.070014486, 0.9290198, 0.00048285852</discrete>
  </state>
  <state id="8" initial="0.00000000">
   <discrete id="0" order="1">0.00048285852, 0.00048285852, 0.00048285852, 0.99855142, 0.00048285852, 0.00048285852, 0.00048285852, 0.99855142, 0.00048285852, 0.00048285852, 0.00048285852, 0.99855142, 0.00048285852, 0.00048285852, 0.00048285852, 0.99855142</discrete>
  </state>
  <state id="9" initial="0.00000000">
   <discrete id="0" order="1">0.00048285852, 0.33751811, 0.12312892, 0.53887011, 0.00048285852, 0.33751811, 0.12312892, 0.53887011, 0.00048285852, 0.33751811, 0.12312892, 0.53887011, 0.00048285852, 0.33751811, 0.12312892, 0.53887011</discrete>
  </state>
  <state id="10" initial="0.00000000">
   <discrete id="0" order="1">0.0096571704, 0.41236118, 0.011105746, 0.56687591, 0.0096571704, 0.41236118, 0.011105746, 0.56687591, 0.0096571704, 0.41236118, 0.011105746, 0.56687591, 0.0096571704, 0.41236118, 0.011105746, 0.56687591</discrete>
  </state>
  <state id="11" initial="0.00000000">
   <discrete id="0" order="1">0.020762916, 0.31627233, 0.18493481, 0.47802994, 0.020762916, 0.31627233, 0.18493481, 0.47802994, 0.020762916, 0.31627233, 0.18493481, 0.47802994, 0.020762916, 0.31627233, 0.18493481, 0.47802994</discrete>
  </state>
  <transition source="0" target="1">
   <probability>1</probability>
  </transition>
  <transition source="1" target="1">
   <probability>0.99</probability>
  </transition>
  <transition source="1" target="2">
   <probability>0.01</probability>
  </transition>
  <transition source="2" target="3">
   <probability>1</probability>
  </transition>
  <transition source="3" target="4">
   <probability>1</probability>
  </transition>
  <transition source="4" target="5">
   <probability>1</probability>
  </transition>
  <transition source="5" target="6">
   <probability>1</probability>
  </transition>
  <transition source="6" target="7">
   <probability>1</probability>
  </transition>
  <transition source="7" target="8">
   <probability>1</probability>
  </transition>
  <transition source="8" target="9">
   <probability>1</probability>
  </transition>
  <transition source="9" target="10">
   <probability>1</probability>
  </transition>
  <transition source="10" target="11">
   <probability>1</probability>
  </transition>
  <transition source="11" target="1">
   <probability>1</probability>
  </transition>
 </HMM>
</mixture>
