<?xml version="1.0" encoding="ISO-8859-1"?>
<!DOCTYPE mixture PUBLIC "-//ghmm.org//DOCUMENT ghmm V1.0//EN" "http://ghmm.sourceforge.net/xml/1.0/ghmm.dtd">
<mixture version="1.0" noComponents="1">
 <HMM name="" type="higher-order discrete">
  <alphabet id="0">
   <symbol code="0">A</symbol>
   <symbol code="1">C</symbol>
   <symbol code="2">G</symbol>
   <symbol code="3">T</symbol>
  </alphabet>
  <state id="0" initial="1.00000000">
   <discrete id="0">0.25, 0.25, 0.25, 0.25</discrete>
  </state>
  <state id="1" initial="0.00000000">
   <discrete id="0" order="1">0.25, 0.25, 0.25, 0.25, 0.25, 0.25, 0.25, 0.25, 0.25, 0.25, 0.25, 0.25, 0.25, 0.25, 0.25, 0.25</discrete>
  </state>
  <state id="2" initial="0.00000000">
   <discrete id="0" order="1">0.47840918, 0.12295527, 0.3972401, 0.001395457, 0.47840918, 0.12295527, 0.3972401, 0.001395457, 0.47840918, 0.12295527, 0.3972401, 0.001395457, 0.47840918, 0.12295527, 0.3972401, 0.001395457</discrete>
  </state>
  <state id="3" initial="0.00000000">
   <discrete id="0" order="1">0.68385146, 0.0096906737, 0.30638034, 7.752539e-05, 0.68385146, 0.0096906737, 0.30638034, 7.752539e-05, 0.68385146, 0.0096906737, 0.30638034, 7.752539e-05, 0.68385146, 0.0096906737, 0.30638034, 7.752539e-05</discrete>
  </state>
  <state id="4" initial="0.00000000">
   <discrete id="0" order="1">7.752539e-05, 0.99976742, 7.752539e-05, 7.752539e-05, 7.752539e-05, 0.99976742, 7.752539e-05, 7.752539e-05, 7.752539e-05, 0.99976742, 7.752539e-05, 7.752539e-05, 7.752539e-05, 0.99976742, 7.752539e-05, 7.752539e-05</discrete>
  </state>
  <state id="5" initial="0.00000000">
   <discrete id="0" order="1">0.99976742, 7.752539e-05, 7.752539e-05, 7.752539e-05, 0.99976742, 7.752539e-05, 7.752539e-05, 7.752539e-05, 0.99976742, 7.752539e-05, 7.752539e-05, 7.752539e-05, 0.99976742, 7.752539e-05, 7.752539e-05, 7.752539e-05</discrete>
  </state>
  <state id="6" initial="0.00000000">
   <discrete id="0" order="1">0.00069772851, 7.752539e-05, 0.99914722, 7.752539e-05, 0.00069772851, 7.752539e-05, 0.99914722, 7.752539e-05, 0.00069772851, 7.752539e-05, 0.99914722, 7.752539e-05, 0.00069772851, 7.752539e-05, 0.99914722, 7.752539e-05</discrete>
  </state>
  <state id="7" initial="0.00000000">
   <discrete id="0" order="1">0.014342197, 0.83905729, 0.14652299, 7.752539e-05, 0.014342197, 0.83905729, 0.14652299, 7.752539e-05, 0.014342197, 0.83905729, 0.14652299, 7.752539e-05, 0.014342197, 0.83905729, 0.14652299, 7.752539e-05</discrete>
  </state>
  <state id="8" initial="0.00000000">
   <discrete id="0" order="1">7.752539e-05, 7.752539e-05, 7.752539e-05, 0.99976742, 7.752539e-05, 7.752539e-05, 7.752539e-05, 0.99976742, 7.752539e-05, 7.752539e-05, 7.752539e-05, 0.99976742, 7.752539e-05, 7.752539e-05, 7.752539e-05, 0.99976742</discrete>
  </state>
  <state id="9" initial="0.00000000">
   <discrete id="0" order="1">7.752539e-05, 7.752539e-05, 0.99976742, 7.752539e-05, 7.752539e-05, 7.752539e-05, 0.99976742, 7.752539e-05, 7.752539e-05, 7.752539e-05, 0.99976742, 7.752539e-05, 7.752539e-05, 7.752539e-05, 0.99976742, 7.752539e-05</discrete>
  </state>
  <state id="10" initial="0.00000000">
   <discrete id="0" order="1">0.14543763, 0.42856035, 0.29552679, 0.13047523, 0.14543763, 0.42856035, 0.29552679, 0.13047523, 0.14543763, 0.42856035, 0.29552679, 0.13047523, 0.14543763, 0.42856035, 0.29552679, 0.13047523</discrete>
  </state>
  <state id="11" initial="0.00000000">
   <discrete id="0" order="1">0.30335685, 0.18737887, 0.22683929, 0.28242499, 0.30335685, 0.18737887, 0.22683929, 0.28242499, 0.30335685, 0.18737887, 0.22683929, 0.28242499, 0.30335685, 0.18737887, 0.22683929, 0.28242499</discrete>
  </state>
  <state id="12" initial="0.00000000">
   <discrete id="0" order="1">0.22203272, 0.23304132, 0.37499031, 0.16993565, 0.22203272, 0.23304132, 0.37499031, 0.16993565, 0.22203272, 0.23304132, 0.37499031, 0.16993565, 0.22203272, 0.23304132, 0.37499031, 0.16993565</discrete>
  </state>
  <transition source="0" target="1">
   <probability>1</probability>
  </transition>
  <transition source="1" target="1">
   <probability>0.99</probability>
  </transition>
  <transition source="1" target="2">
   <probability>0.01</probability>
  </transition>
  <transition source="2" target="3">
   <probability>1</probability>
  </transition>
  <transition source="3" target="4">
   <probability>1</probability>
  </transition>
  <transition source="4" target="5">
   <probability>1</probability>
  </transition>
  <transition source="5" target="6">
   <probability>1</probability>
  </transition>
  <transition source="6" target="7">
   <probability>1</probability>
  </transition>
  <transition source="7" target="8">
   <probability>1</probability>
  </transition>
  <transition source="8" target="9">
   <probability>1</probability>
  </transition>
  <transition source="9" target="10">
   <probability>1</probability>
  </transition>
  <transition source="10" target="11">
   <probability>1</probability>
  </transition>
  <transition source="11" target="12">
   <probability>1</probability>
  </transition>
  <transition source="12" target="1">
   <probability>1</probability>
  </transition>
 </HMM>
</mixture>
