<?xml version="1.0" encoding="ISO-8859-1"?>
<!DOCTYPE mixture PUBLIC "-//ghmm.org//DOCUMENT ghmm V1.0//EN" "http://ghmm.sourceforge.net/xml/1.0/ghmm.dtd">
<mixture version="1.0" noComponents="1">
 <HMM name="" type="higher-order discrete">
  <alphabet id="0">
   <symbol code="0">A</symbol>
   <symbol code="1">C</symbol>
   <symbol code="2">G</symbol>
   <symbol code="3">T</symbol>
  </alphabet>
  <state id="0" initial="1.00000000">
   <discrete id="0">0.25, 0.25, 0.25, 0.25</discrete>
  </state>
  <state id="1" initial="0.00000000">
   <discrete id="0" order="1">0.25, 0.25, 0.25, 0.25, 0.25, 0.25, 0.25, 0.25, 0.25, 0.25, 0.25, 0.25, 0.25, 0.25, 0.25, 0.25</discrete>
  </state>
  <state id="2" initial="0.00000000">
   <discrete id="0" order="1">0.44279197, 0.11414234, 0.25720803, 0.18585766, 0.44279197, 0.11414234, 0.25720803, 0.18585766, 0.44279197, 0.11414234, 0.25720803, 0.18585766, 0.44279197, 0.11414234, 0.25720803, 0.18585766</discrete>
  </state>
  <state id="3" initial="0.00000000">
   <discrete id="0" order="1">0.35839416, 0.12089416, 0.37509124, 0.14562044, 0.35839416, 0.12089416, 0.37509124, 0.14562044, 0.35839416, 0.12089416, 0.37509124, 0.14562044, 0.35839416, 0.12089416, 0.37509124, 0.14562044</discrete>
  </state>
  <state id="4" initial="0.00000000">
   <discrete id="0" order="1">0.34005474, 0.10291971, 0.39516423, 0.16186131, 0.34005474, 0.10291971, 0.39516423, 0.16186131, 0.34005474, 0.10291971, 0.39516423, 0.16186131, 0.34005474, 0.10291971, 0.39516423, 0.16186131</discrete>
  </state>
  <state id="5" initial="0.00000000">
   <discrete id="0" order="1">0.40118613, 0.1024635, 0.31587591, 0.18047445, 0.40118613, 0.1024635, 0.31587591, 0.18047445, 0.40118613, 0.1024635, 0.31587591, 0.18047445, 0.40118613, 0.1024635, 0.31587591, 0.18047445</discrete>
  </state>
  <state id="6" initial="0.00000000">
   <discrete id="0" order="1">0.37837591, 0.05419708, 0.38448905, 0.18293796, 0.37837591, 0.05419708, 0.38448905, 0.18293796, 0.37837591, 0.05419708, 0.38448905, 0.18293796, 0.37837591, 0.05419708, 0.38448905, 0.18293796</discrete>
  </state>
  <state id="7" initial="0.00000000">
   <discrete id="0" order="1">0.54114964, 0.090693431, 0.36806569, 9.1240876e-05, 0.54114964, 0.090693431, 0.36806569, 9.1240876e-05, 0.54114964, 0.090693431, 0.36806569, 9.1240876e-05, 0.54114964, 0.090693431, 0.36806569, 9.1240876e-05</discrete>
  </state>
  <state id="8" initial="0.00000000">
   <discrete id="0" order="1">9.1240876e-05, 9.1240876e-05, 9.1240876e-05, 0.99972628, 9.1240876e-05, 9.1240876e-05, 9.1240876e-05, 0.99972628, 9.1240876e-05, 9.1240876e-05, 9.1240876e-05, 0.99972628, 9.1240876e-05, 9.1240876e-05, 9.1240876e-05, 0.99972628</discrete>
  </state>
  <state id="9" initial="0.00000000">
   <discrete id="0" order="1">9.1240876e-05, 9.1240876e-05, 0.99972628, 9.1240876e-05, 9.1240876e-05, 9.1240876e-05, 0.99972628, 9.1240876e-05, 9.1240876e-05, 9.1240876e-05, 0.99972628, 9.1240876e-05, 9.1240876e-05, 9.1240876e-05, 0.99972628, 9.1240876e-05</discrete>
  </state>
  <state id="10" initial="0.00000000">
   <discrete id="0" order="1">0.99945255, 9.1240876e-05, 9.1240876e-05, 0.0003649635, 0.99945255, 9.1240876e-05, 9.1240876e-05, 0.0003649635, 0.99945255, 9.1240876e-05, 9.1240876e-05, 0.0003649635, 0.99945255, 9.1240876e-05, 9.1240876e-05, 0.0003649635</discrete>
  </state>
  <state id="11" initial="0.00000000">
   <discrete id="0" order="1">0.034945255, 0.5205292, 0.37326642, 0.071259124, 0.034945255, 0.5205292, 0.37326642, 0.071259124, 0.034945255, 0.5205292, 0.37326642, 0.071259124, 0.034945255, 0.5205292, 0.37326642, 0.071259124</discrete>
  </state>
  <state id="12" initial="0.00000000">
   <discrete id="0" order="1">0.018248175, 9.1240876e-05, 9.1240876e-05, 0.98156934, 0.018248175, 9.1240876e-05, 9.1240876e-05, 0.98156934, 0.018248175, 9.1240876e-05, 9.1240876e-05, 0.98156934, 0.018248175, 9.1240876e-05, 9.1240876e-05, 0.98156934</discrete>
  </state>
  <state id="13" initial="0.00000000">
   <discrete id="0" order="1">0.087317518, 0.9125, 9.1240876e-05, 9.1240876e-05, 0.087317518, 0.9125, 9.1240876e-05, 9.1240876e-05, 0.087317518, 0.9125, 9.1240876e-05, 9.1240876e-05, 0.087317518, 0.9125, 9.1240876e-05, 9.1240876e-05</discrete>
  </state>
  <state id="14" initial="0.00000000">
   <discrete id="0" order="1">0.99972628, 9.1240876e-05, 9.1240876e-05, 9.1240876e-05, 0.99972628, 9.1240876e-05, 9.1240876e-05, 9.1240876e-05, 0.99972628, 9.1240876e-05, 9.1240876e-05, 9.1240876e-05, 0.99972628, 9.1240876e-05, 9.1240876e-05, 9.1240876e-05</discrete>
  </state>
  <state id="15" initial="0.00000000">
   <discrete id="0" order="1">0.03439781, 0.2290146, 0.24142336, 0.49516423, 0.03439781, 0.2290146, 0.24142336, 0.49516423, 0.03439781, 0.2290146, 0.24142336, 0.49516423, 0.03439781, 0.2290146, 0.24142336, 0.49516423</discrete>
  </state>
  <transition source="0" target="1">
   <probability>1</probability>
  </transition>
  <transition source="1" target="1">
   <probability>0.99</probability>
  </transition>
  <transition source="1" target="2">
   <probability>0.01</probability>
  </transition>
  <transition source="2" target="3">
   <probability>1</probability>
  </transition>
  <transition source="3" target="4">
   <probability>1</probability>
  </transition>
  <transition source="4" target="5">
   <probability>1</probability>
  </transition>
  <transition source="5" target="6">
   <probability>1</probability>
  </transition>
  <transition source="6" target="7">
   <probability>1</probability>
  </transition>
  <transition source="7" target="8">
   <probability>1</probability>
  </transition>
  <transition source="8" target="9">
   <probability>1</probability>
  </transition>
  <transition source="9" target="10">
   <probability>1</probability>
  </transition>
  <transition source="10" target="11">
   <probability>1</probability>
  </transition>
  <transition source="11" target="12">
   <probability>1</probability>
  </transition>
  <transition source="12" target="13">
   <probability>1</probability>
  </transition>
  <transition source="13" target="14">
   <probability>1</probability>
  </transition>
  <transition source="14" target="15">
   <probability>1</probability>
  </transition>
  <transition source="15" target="1">
   <probability>1</probability>
  </transition>
 </HMM>
</mixture>
