<?xml version="1.0" encoding="ISO-8859-1"?>
<!DOCTYPE mixture PUBLIC "-//ghmm.org//DOCUMENT ghmm V1.0//EN" "http://ghmm.sourceforge.net/xml/1.0/ghmm.dtd">
<mixture version="1.0" noComponents="1">
 <HMM name="" type="higher-order discrete">
  <alphabet id="0">
   <symbol code="0">A</symbol>
   <symbol code="1">C</symbol>
   <symbol code="2">G</symbol>
   <symbol code="3">T</symbol>
  </alphabet>
  <state id="0" initial="1.00000000">
   <discrete id="0">0.25, 0.25, 0.25, 0.25</discrete>
  </state>
  <state id="1" initial="0.00000000">
   <discrete id="0" order="1">0.25, 0.25, 0.25, 0.25, 0.25, 0.25, 0.25, 0.25, 0.25, 0.25, 0.25, 0.25, 0.25, 0.25, 0.25, 0.25</discrete>
  </state>
  <state id="2" initial="0.00000000">
   <discrete id="0" order="1">0.11336934, 0.24065928, 0.14093212, 0.50503926, 0.11336934, 0.24065928, 0.14093212, 0.50503926, 0.11336934, 0.24065928, 0.14093212, 0.50503926, 0.11336934, 0.24065928, 0.14093212, 0.50503926</discrete>
  </state>
  <state id="3" initial="0.00000000">
   <discrete id="0" order="1">0.028230971, 0.35675706, 0.15552091, 0.45949106, 0.028230971, 0.35675706, 0.15552091, 0.45949106, 0.028230971, 0.35675706, 0.15552091, 0.45949106, 0.028230971, 0.35675706, 0.15552091, 0.45949106</discrete>
  </state>
  <state id="4" initial="0.00000000">
   <discrete id="0" order="1">5.5682388e-05, 0.8279971, 0.024388886, 0.14755833, 5.5682388e-05, 0.8279971, 0.024388886, 0.14755833, 5.5682388e-05, 0.8279971, 0.024388886, 0.14755833, 5.5682388e-05, 0.8279971, 0.024388886, 0.14755833</discrete>
  </state>
  <state id="5" initial="0.00000000">
   <discrete id="0" order="1">5.5682388e-05, 0.038866307, 5.5682388e-05, 0.96102233, 5.5682388e-05, 0.038866307, 5.5682388e-05, 0.96102233, 5.5682388e-05, 0.038866307, 5.5682388e-05, 0.96102233, 5.5682388e-05, 0.038866307, 5.5682388e-05, 0.96102233</discrete>
  </state>
  <state id="6" initial="0.00000000">
   <discrete id="0" order="1">5.5682388e-05, 5.5682388e-05, 5.5682388e-05, 0.99983295, 5.5682388e-05, 5.5682388e-05, 5.5682388e-05, 0.99983295, 5.5682388e-05, 5.5682388e-05, 5.5682388e-05, 0.99983295, 5.5682388e-05, 5.5682388e-05, 5.5682388e-05, 0.99983295</discrete>
  </state>
  <state id="7" initial="0.00000000">
   <discrete id="0" order="1">0.99983295, 5.5682388e-05, 5.5682388e-05, 5.5682388e-05, 0.99983295, 5.5682388e-05, 5.5682388e-05, 5.5682388e-05, 0.99983295, 5.5682388e-05, 5.5682388e-05, 5.5682388e-05, 0.99983295, 5.5682388e-05, 5.5682388e-05, 5.5682388e-05</discrete>
  </state>
  <state id="8" initial="0.00000000">
   <discrete id="0" order="1">5.5682388e-05, 5.5682388e-05, 5.5682388e-05, 0.99983295, 5.5682388e-05, 5.5682388e-05, 5.5682388e-05, 0.99983295, 5.5682388e-05, 5.5682388e-05, 5.5682388e-05, 0.99983295, 5.5682388e-05, 5.5682388e-05, 5.5682388e-05, 0.99983295</discrete>
  </state>
  <state id="9" initial="0.00000000">
   <discrete id="0" order="1">5.5682388e-05, 0.99983295, 5.5682388e-05, 5.5682388e-05, 5.5682388e-05, 0.99983295, 5.5682388e-05, 5.5682388e-05, 5.5682388e-05, 0.99983295, 5.5682388e-05, 5.5682388e-05, 5.5682388e-05, 0.99983295, 5.5682388e-05, 5.5682388e-05</discrete>
  </state>
  <state id="10" initial="0.00000000">
   <discrete id="0" order="1">0.12066373, 5.5682388e-05, 5.5682388e-05, 0.8792249, 0.12066373, 5.5682388e-05, 5.5682388e-05, 0.8792249, 0.12066373, 5.5682388e-05, 5.5682388e-05, 0.8792249, 0.12066373, 5.5682388e-05, 5.5682388e-05, 0.8792249</discrete>
  </state>
  <state id="11" initial="0.00000000">
   <discrete id="0" order="1">0.13937302, 0.34339328, 0.37240381, 0.14482989, 0.13937302, 0.34339328, 0.37240381, 0.14482989, 0.13937302, 0.34339328, 0.37240381, 0.14482989, 0.13937302, 0.34339328, 0.37240381, 0.14482989</discrete>
  </state>
  <state id="12" initial="0.00000000">
   <discrete id="0" order="1">0.10507267, 0.28247675, 0.089036138, 0.52341444, 0.10507267, 0.28247675, 0.089036138, 0.52341444, 0.10507267, 0.28247675, 0.089036138, 0.52341444, 0.10507267, 0.28247675, 0.089036138, 0.52341444</discrete>
  </state>
  <transition source="0" target="1">
   <probability>1</probability>
  </transition>
  <transition source="1" target="1">
   <probability>0.99</probability>
  </transition>
  <transition source="1" target="2">
   <probability>0.01</probability>
  </transition>
  <transition source="2" target="3">
   <probability>1</probability>
  </transition>
  <transition source="3" target="4">
   <probability>1</probability>
  </transition>
  <transition source="4" target="5">
   <probability>1</probability>
  </transition>
  <transition source="5" target="6">
   <probability>1</probability>
  </transition>
  <transition source="6" target="7">
   <probability>1</probability>
  </transition>
  <transition source="7" target="8">
   <probability>1</probability>
  </transition>
  <transition source="8" target="9">
   <probability>1</probability>
  </transition>
  <transition source="9" target="10">
   <probability>1</probability>
  </transition>
  <transition source="10" target="11">
   <probability>1</probability>
  </transition>
  <transition source="11" target="12">
   <probability>1</probability>
  </transition>
  <transition source="12" target="1">
   <probability>1</probability>
  </transition>
 </HMM>
</mixture>
