<?xml version="1.0" encoding="ISO-8859-1"?>
<!DOCTYPE mixture PUBLIC "-//ghmm.org//DOCUMENT ghmm V1.0//EN" "http://ghmm.sourceforge.net/xml/1.0/ghmm.dtd">
<mixture version="1.0" noComponents="1">
 <HMM name="" type="higher-order discrete">
  <alphabet id="0">
   <symbol code="0">A</symbol>
   <symbol code="1">C</symbol>
   <symbol code="2">G</symbol>
   <symbol code="3">T</symbol>
  </alphabet>
  <state id="0" initial="1.00000000">
   <discrete id="0">0.25, 0.25, 0.25, 0.25</discrete>
  </state>
  <state id="1" initial="0.00000000">
   <discrete id="0" order="1">0.25, 0.25, 0.25, 0.25, 0.25, 0.25, 0.25, 0.25, 0.25, 0.25, 0.25, 0.25, 0.25, 0.25, 0.25, 0.25</discrete>
  </state>
  <state id="2" initial="0.00000000">
   <discrete id="0" order="1">0.29289379, 0.045791374, 0.48802964, 0.1732852, 0.29289379, 0.045791374, 0.48802964, 0.1732852, 0.29289379, 0.045791374, 0.48802964, 0.1732852, 0.29289379, 0.045791374, 0.48802964, 0.1732852</discrete>
  </state>
  <state id="3" initial="0.00000000">
   <discrete id="0" order="1">0.45439863, 0.052631579, 0.27455824, 0.21841155, 0.45439863, 0.052631579, 0.27455824, 0.21841155, 0.45439863, 0.052631579, 0.27455824, 0.21841155, 0.45439863, 0.052631579, 0.27455824, 0.21841155</discrete>
  </state>
  <state id="4" initial="0.00000000">
   <discrete id="0" order="1">0.42941288, 0.016245487, 0.21090633, 0.3434353, 0.42941288, 0.016245487, 0.21090633, 0.3434353, 0.42941288, 0.016245487, 0.21090633, 0.3434353, 0.42941288, 0.016245487, 0.21090633, 0.3434353</discrete>
  </state>
  <state id="5" initial="0.00000000">
   <discrete id="0" order="1">0.78462854, 0.14050922, 9.500285e-05, 0.074767243, 0.78462854, 0.14050922, 9.500285e-05, 0.074767243, 0.78462854, 0.14050922, 9.500285e-05, 0.074767243, 0.78462854, 0.14050922, 9.500285e-05, 0.074767243</discrete>
  </state>
  <state id="6" initial="0.00000000">
   <discrete id="0" order="1">9.500285e-05, 9.500285e-05, 9.500285e-05, 0.99971499, 9.500285e-05, 9.500285e-05, 9.500285e-05, 0.99971499, 9.500285e-05, 9.500285e-05, 9.500285e-05, 0.99971499, 9.500285e-05, 9.500285e-05, 9.500285e-05, 0.99971499</discrete>
  </state>
  <state id="7" initial="0.00000000">
   <discrete id="0" order="1">9.500285e-05, 9.500285e-05, 0.98565457, 0.014155425, 9.500285e-05, 9.500285e-05, 0.98565457, 0.014155425, 9.500285e-05, 9.500285e-05, 0.98565457, 0.014155425, 9.500285e-05, 9.500285e-05, 0.98565457, 0.014155425</discrete>
  </state>
  <state id="8" initial="0.00000000">
   <discrete id="0" order="1">0.99971499, 9.500285e-05, 9.500285e-05, 9.500285e-05, 0.99971499, 9.500285e-05, 9.500285e-05, 9.500285e-05, 0.99971499, 9.500285e-05, 9.500285e-05, 9.500285e-05, 0.99971499, 9.500285e-05, 9.500285e-05, 9.500285e-05</discrete>
  </state>
  <state id="9" initial="0.00000000">
   <discrete id="0" order="1">0.055766673, 0.47757933, 0.466559, 9.500285e-05, 0.055766673, 0.47757933, 0.466559, 9.500285e-05, 0.055766673, 0.47757933, 0.466559, 9.500285e-05, 0.055766673, 0.47757933, 0.466559, 9.500285e-05</discrete>
  </state>
  <state id="10" initial="0.00000000">
   <discrete id="0" order="1">9.500285e-05, 9.500285e-05, 9.500285e-05, 0.99971499, 9.500285e-05, 9.500285e-05, 9.500285e-05, 0.99971499, 9.500285e-05, 9.500285e-05, 9.500285e-05, 0.99971499, 9.500285e-05, 9.500285e-05, 9.500285e-05, 0.99971499</discrete>
  </state>
  <state id="11" initial="0.00000000">
   <discrete id="0" order="1">0.12274368, 0.81616949, 0.06099183, 9.500285e-05, 0.12274368, 0.81616949, 0.06099183, 9.500285e-05, 0.12274368, 0.81616949, 0.06099183, 9.500285e-05, 0.12274368, 0.81616949, 0.06099183, 9.500285e-05</discrete>
  </state>
  <state id="12" initial="0.00000000">
   <discrete id="0" order="1">0.97520426, 9.500285e-05, 9.500285e-05, 0.024605738, 0.97520426, 9.500285e-05, 9.500285e-05, 0.024605738, 0.97520426, 9.500285e-05, 9.500285e-05, 0.024605738, 0.97520426, 9.500285e-05, 9.500285e-05, 0.024605738</discrete>
  </state>
  <transition source="0" target="1">
   <probability>1</probability>
  </transition>
  <transition source="1" target="1">
   <probability>0.99</probability>
  </transition>
  <transition source="1" target="2">
   <probability>0.01</probability>
  </transition>
  <transition source="2" target="3">
   <probability>1</probability>
  </transition>
  <transition source="3" target="4">
   <probability>1</probability>
  </transition>
  <transition source="4" target="5">
   <probability>1</probability>
  </transition>
  <transition source="5" target="6">
   <probability>1</probability>
  </transition>
  <transition source="6" target="7">
   <probability>1</probability>
  </transition>
  <transition source="7" target="8">
   <probability>1</probability>
  </transition>
  <transition source="8" target="9">
   <probability>1</probability>
  </transition>
  <transition source="9" target="10">
   <probability>1</probability>
  </transition>
  <transition source="10" target="11">
   <probability>1</probability>
  </transition>
  <transition source="11" target="12">
   <probability>1</probability>
  </transition>
  <transition source="12" target="1">
   <probability>1</probability>
  </transition>
 </HMM>
</mixture>
