<?xml version="1.0" encoding="ISO-8859-1"?>
<!DOCTYPE mixture PUBLIC "-//ghmm.org//DOCUMENT ghmm V1.0//EN" "http://ghmm.sourceforge.net/xml/1.0/ghmm.dtd">
<mixture version="1.0" noComponents="1">
 <HMM name="" type="higher-order discrete">
  <alphabet id="0">
   <symbol code="0">A</symbol>
   <symbol code="1">C</symbol>
   <symbol code="2">G</symbol>
   <symbol code="3">T</symbol>
  </alphabet>
  <state id="0" initial="1.00000000">
   <discrete id="0">0.25, 0.25, 0.25, 0.25</discrete>
  </state>
  <state id="1" initial="0.00000000">
   <discrete id="0" order="1">0.25, 0.25, 0.25, 0.25, 0.25, 0.25, 0.25, 0.25, 0.25, 0.25, 0.25, 0.25, 0.25, 0.25, 0.25, 0.25</discrete>
  </state>
  <state id="2" initial="0.00000000">
   <discrete id="0" order="1">0.28770889, 0.15003979, 0.51551762, 0.046733705, 0.28770889, 0.15003979, 0.51551762, 0.046733705, 0.28770889, 0.15003979, 0.51551762, 0.046733705, 0.28770889, 0.15003979, 0.51551762, 0.046733705</discrete>
  </state>
  <state id="3" initial="0.00000000">
   <discrete id="0" order="1">0.10822542, 0.32489329, 0.1381755, 0.42870578, 0.10822542, 0.32489329, 0.1381755, 0.42870578, 0.10822542, 0.32489329, 0.1381755, 0.42870578, 0.10822542, 0.32489329, 0.1381755, 0.42870578</discrete>
  </state>
  <state id="4" initial="0.00000000">
   <discrete id="0" order="1">7.2343196e-05, 0.99978297, 7.2343196e-05, 7.2343196e-05, 7.2343196e-05, 0.99978297, 7.2343196e-05, 7.2343196e-05, 7.2343196e-05, 0.99978297, 7.2343196e-05, 7.2343196e-05, 7.2343196e-05, 0.99978297, 7.2343196e-05, 7.2343196e-05</discrete>
  </state>
  <state id="5" initial="0.00000000">
   <discrete id="0" order="1">0.99978297, 7.2343196e-05, 7.2343196e-05, 7.2343196e-05, 0.99978297, 7.2343196e-05, 7.2343196e-05, 7.2343196e-05, 0.99978297, 7.2343196e-05, 7.2343196e-05, 7.2343196e-05, 0.99978297, 7.2343196e-05, 7.2343196e-05, 7.2343196e-05</discrete>
  </state>
  <state id="6" initial="0.00000000">
   <discrete id="0" order="1">7.2343196e-05, 0.35187731, 0.099182522, 0.54886783, 7.2343196e-05, 0.35187731, 0.099182522, 0.54886783, 7.2343196e-05, 0.35187731, 0.099182522, 0.54886783, 7.2343196e-05, 0.35187731, 0.099182522, 0.54886783</discrete>
  </state>
  <state id="7" initial="0.00000000">
   <discrete id="0" order="1">7.2343196e-05, 7.2343196e-05, 0.99978297, 7.2343196e-05, 7.2343196e-05, 7.2343196e-05, 0.99978297, 7.2343196e-05, 7.2343196e-05, 7.2343196e-05, 0.99978297, 7.2343196e-05, 7.2343196e-05, 7.2343196e-05, 0.99978297, 7.2343196e-05</discrete>
  </state>
  <state id="8" initial="0.00000000">
   <discrete id="0" order="1">7.2343196e-05, 7.2343196e-05, 7.2343196e-05, 0.99978297, 7.2343196e-05, 7.2343196e-05, 7.2343196e-05, 0.99978297, 7.2343196e-05, 7.2343196e-05, 7.2343196e-05, 0.99978297, 7.2343196e-05, 7.2343196e-05, 7.2343196e-05, 0.99978297</discrete>
  </state>
  <state id="9" initial="0.00000000">
   <discrete id="0" order="1">7.2343196e-05, 7.2343196e-05, 0.99978297, 7.2343196e-05, 7.2343196e-05, 7.2343196e-05, 0.99978297, 7.2343196e-05, 7.2343196e-05, 7.2343196e-05, 0.99978297, 7.2343196e-05, 7.2343196e-05, 7.2343196e-05, 0.99978297, 7.2343196e-05</discrete>
  </state>
  <state id="10" initial="0.00000000">
   <discrete id="0" order="1">0.75627577, 0.053968024, 0.18584967, 0.0039065326, 0.75627577, 0.053968024, 0.18584967, 0.0039065326, 0.75627577, 0.053968024, 0.18584967, 0.0039065326, 0.75627577, 0.053968024, 0.18584967, 0.0039065326</discrete>
  </state>
  <state id="11" initial="0.00000000">
   <discrete id="0" order="1">7.2343196e-05, 0.71836794, 0.052810533, 0.22874919, 7.2343196e-05, 0.71836794, 0.052810533, 0.22874919, 7.2343196e-05, 0.71836794, 0.052810533, 0.22874919, 7.2343196e-05, 0.71836794, 0.052810533, 0.22874919</discrete>
  </state>
  <state id="12" initial="0.00000000">
   <discrete id="0" order="1">0.15806988, 0.47992476, 0.032988497, 0.32901686, 0.15806988, 0.47992476, 0.032988497, 0.32901686, 0.15806988, 0.47992476, 0.032988497, 0.32901686, 0.15806988, 0.47992476, 0.032988497, 0.32901686</discrete>
  </state>
  <transition source="0" target="1">
   <probability>1</probability>
  </transition>
  <transition source="1" target="1">
   <probability>0.99</probability>
  </transition>
  <transition source="1" target="2">
   <probability>0.01</probability>
  </transition>
  <transition source="2" target="3">
   <probability>1</probability>
  </transition>
  <transition source="3" target="4">
   <probability>1</probability>
  </transition>
  <transition source="4" target="5">
   <probability>1</probability>
  </transition>
  <transition source="5" target="6">
   <probability>1</probability>
  </transition>
  <transition source="6" target="7">
   <probability>1</probability>
  </transition>
  <transition source="7" target="8">
   <probability>1</probability>
  </transition>
  <transition source="8" target="9">
   <probability>1</probability>
  </transition>
  <transition source="9" target="10">
   <probability>1</probability>
  </transition>
  <transition source="10" target="11">
   <probability>1</probability>
  </transition>
  <transition source="11" target="12">
   <probability>1</probability>
  </transition>
  <transition source="12" target="1">
   <probability>1</probability>
  </transition>
 </HMM>
</mixture>
