<?xml version="1.0" encoding="ISO-8859-1"?>
<!DOCTYPE mixture PUBLIC "-//ghmm.org//DOCUMENT ghmm V1.0//EN" "http://ghmm.sourceforge.net/xml/1.0/ghmm.dtd">
<mixture version="1.0" noComponents="1">
 <HMM name="" type="higher-order discrete">
  <alphabet id="0">
   <symbol code="0">A</symbol>
   <symbol code="1">C</symbol>
   <symbol code="2">G</symbol>
   <symbol code="3">T</symbol>
  </alphabet>
  <state id="0" initial="1.00000000">
   <discrete id="0">0.25, 0.25, 0.25, 0.25</discrete>
  </state>
  <state id="1" initial="0.00000000">
   <discrete id="0" order="1">0.25, 0.25, 0.25, 0.25, 0.25, 0.25, 0.25, 0.25, 0.25, 0.25, 0.25, 0.25, 0.25, 0.25, 0.25, 0.25</discrete>
  </state>
  <state id="2" initial="0.00000000">
   <discrete id="0" order="1">0.26802721, 0.024251701, 0.3294898, 0.37823129, 0.26802721, 0.024251701, 0.3294898, 0.37823129, 0.26802721, 0.024251701, 0.3294898, 0.37823129, 0.26802721, 0.024251701, 0.3294898, 0.37823129</discrete>
  </state>
  <state id="3" initial="0.00000000">
   <discrete id="0" order="1">0.25428571, 0.34619048, 0.36877551, 0.030748299, 0.25428571, 0.34619048, 0.36877551, 0.030748299, 0.25428571, 0.34619048, 0.36877551, 0.030748299, 0.25428571, 0.34619048, 0.36877551, 0.030748299</discrete>
  </state>
  <state id="4" initial="0.00000000">
   <discrete id="0" order="1">3.4013605e-05, 3.4013605e-05, 3.4013605e-05, 0.99989796, 3.4013605e-05, 3.4013605e-05, 3.4013605e-05, 0.99989796, 3.4013605e-05, 3.4013605e-05, 3.4013605e-05, 0.99989796, 3.4013605e-05, 3.4013605e-05, 3.4013605e-05, 0.99989796</discrete>
  </state>
  <state id="5" initial="0.00000000">
   <discrete id="0" order="1">3.4013605e-05, 3.4013605e-05, 0.92207483, 0.077857143, 3.4013605e-05, 3.4013605e-05, 0.92207483, 0.077857143, 3.4013605e-05, 3.4013605e-05, 0.92207483, 0.077857143, 3.4013605e-05, 3.4013605e-05, 0.92207483, 0.077857143</discrete>
  </state>
  <state id="6" initial="0.00000000">
   <discrete id="0" order="1">0.99989796, 3.4013605e-05, 3.4013605e-05, 3.4013605e-05, 0.99989796, 3.4013605e-05, 3.4013605e-05, 3.4013605e-05, 0.99989796, 3.4013605e-05, 3.4013605e-05, 3.4013605e-05, 0.99989796, 3.4013605e-05, 3.4013605e-05, 3.4013605e-05</discrete>
  </state>
  <state id="7" initial="0.00000000">
   <discrete id="0" order="1">0.033979592, 0.47891156, 0.38119048, 0.10591837, 0.033979592, 0.47891156, 0.38119048, 0.10591837, 0.033979592, 0.47891156, 0.38119048, 0.10591837, 0.033979592, 0.47891156, 0.38119048, 0.10591837</discrete>
  </state>
  <state id="8" initial="0.00000000">
   <discrete id="0" order="1">3.4013605e-05, 3.4013605e-05, 3.4013605e-05, 0.99989796, 3.4013605e-05, 3.4013605e-05, 3.4013605e-05, 0.99989796, 3.4013605e-05, 3.4013605e-05, 3.4013605e-05, 0.99989796, 3.4013605e-05, 3.4013605e-05, 3.4013605e-05, 0.99989796</discrete>
  </state>
  <state id="9" initial="0.00000000">
   <discrete id="0" order="1">3.4013605e-05, 0.99989796, 3.4013605e-05, 3.4013605e-05, 3.4013605e-05, 0.99989796, 3.4013605e-05, 3.4013605e-05, 3.4013605e-05, 0.99989796, 3.4013605e-05, 3.4013605e-05, 3.4013605e-05, 0.99989796, 3.4013605e-05, 3.4013605e-05</discrete>
  </state>
  <state id="10" initial="0.00000000">
   <discrete id="0" order="1">0.99989796, 3.4013605e-05, 3.4013605e-05, 3.4013605e-05, 0.99989796, 3.4013605e-05, 3.4013605e-05, 3.4013605e-05, 0.99989796, 3.4013605e-05, 3.4013605e-05, 3.4013605e-05, 0.99989796, 3.4013605e-05, 3.4013605e-05, 3.4013605e-05</discrete>
  </state>
  <state id="11" initial="0.00000000">
   <discrete id="0" order="1">0.0088095238, 0.19809524, 0.052346939, 0.7407483, 0.0088095238, 0.19809524, 0.052346939, 0.7407483, 0.0088095238, 0.19809524, 0.052346939, 0.7407483, 0.0088095238, 0.19809524, 0.052346939, 0.7407483</discrete>
  </state>
  <state id="12" initial="0.00000000">
   <discrete id="0" order="1">0.13629252, 0.28017007, 0.26863946, 0.31489796, 0.13629252, 0.28017007, 0.26863946, 0.31489796, 0.13629252, 0.28017007, 0.26863946, 0.31489796, 0.13629252, 0.28017007, 0.26863946, 0.31489796</discrete>
  </state>
  <transition source="0" target="1">
   <probability>1</probability>
  </transition>
  <transition source="1" target="1">
   <probability>0.99</probability>
  </transition>
  <transition source="1" target="2">
   <probability>0.01</probability>
  </transition>
  <transition source="2" target="3">
   <probability>1</probability>
  </transition>
  <transition source="3" target="4">
   <probability>1</probability>
  </transition>
  <transition source="4" target="5">
   <probability>1</probability>
  </transition>
  <transition source="5" target="6">
   <probability>1</probability>
  </transition>
  <transition source="6" target="7">
   <probability>1</probability>
  </transition>
  <transition source="7" target="8">
   <probability>1</probability>
  </transition>
  <transition source="8" target="9">
   <probability>1</probability>
  </transition>
  <transition source="9" target="10">
   <probability>1</probability>
  </transition>
  <transition source="10" target="11">
   <probability>1</probability>
  </transition>
  <transition source="11" target="12">
   <probability>1</probability>
  </transition>
  <transition source="12" target="1">
   <probability>1</probability>
  </transition>
 </HMM>
</mixture>
