<?xml version="1.0" encoding="ISO-8859-1"?>
<!DOCTYPE mixture PUBLIC "-//ghmm.org//DOCUMENT ghmm V1.0//EN" "http://ghmm.sourceforge.net/xml/1.0/ghmm.dtd">
<mixture version="1.0" noComponents="1">
 <HMM name="" type="higher-order discrete">
  <alphabet id="0">
   <symbol code="0">A</symbol>
   <symbol code="1">C</symbol>
   <symbol code="2">G</symbol>
   <symbol code="3">T</symbol>
  </alphabet>
  <state id="0" initial="1.00000000">
   <discrete id="0">0.25, 0.25, 0.25, 0.25</discrete>
  </state>
  <state id="1" initial="0.00000000">
   <discrete id="0" order="1">0.25, 0.25, 0.25, 0.25, 0.25, 0.25, 0.25, 0.25, 0.25, 0.25, 0.25, 0.25, 0.25, 0.25, 0.25, 0.25</discrete>
  </state>
  <state id="2" initial="0.00000000">
   <discrete id="0" order="1">0.33965125, 0.022744503, 0.45204701, 0.18555724, 0.33965125, 0.022744503, 0.45204701, 0.18555724, 0.33965125, 0.022744503, 0.45204701, 0.18555724, 0.33965125, 0.022744503, 0.45204701, 0.18555724</discrete>
  </state>
  <state id="3" initial="0.00000000">
   <discrete id="0" order="1">0.29738438, 0.083017437, 0.58946171, 0.030136467, 0.29738438, 0.083017437, 0.58946171, 0.030136467, 0.29738438, 0.083017437, 0.58946171, 0.030136467, 0.29738438, 0.083017437, 0.58946171, 0.030136467</discrete>
  </state>
  <state id="4" initial="0.00000000">
   <discrete id="0" order="1">0.00018953753, 0.00018953753, 0.00018953753, 0.99943139, 0.00018953753, 0.00018953753, 0.00018953753, 0.99943139, 0.00018953753, 0.00018953753, 0.00018953753, 0.99943139, 0.00018953753, 0.00018953753, 0.00018953753, 0.99943139</discrete>
  </state>
  <state id="5" initial="0.00000000">
   <discrete id="0" order="1">0.00018953753, 0.00018953753, 0.99943139, 0.00018953753, 0.00018953753, 0.00018953753, 0.99943139, 0.00018953753, 0.00018953753, 0.00018953753, 0.99943139, 0.00018953753, 0.00018953753, 0.00018953753, 0.99943139, 0.00018953753</discrete>
  </state>
  <state id="6" initial="0.00000000">
   <discrete id="0" order="1">0.99943139, 0.00018953753, 0.00018953753, 0.00018953753, 0.99943139, 0.00018953753, 0.00018953753, 0.00018953753, 0.99943139, 0.00018953753, 0.00018953753, 0.00018953753, 0.99943139, 0.00018953753, 0.00018953753, 0.00018953753</discrete>
  </state>
  <state id="7" initial="0.00000000">
   <discrete id="0" order="1">0.023692191, 0.59154663, 0.38457165, 0.00018953753, 0.023692191, 0.59154663, 0.38457165, 0.00018953753, 0.023692191, 0.59154663, 0.38457165, 0.00018953753, 0.023692191, 0.59154663, 0.38457165, 0.00018953753</discrete>
  </state>
  <state id="8" initial="0.00000000">
   <discrete id="0" order="1">0.00018953753, 0.00018953753, 0.00018953753, 0.99943139, 0.00018953753, 0.00018953753, 0.00018953753, 0.99943139, 0.00018953753, 0.00018953753, 0.00018953753, 0.99943139, 0.00018953753, 0.00018953753, 0.00018953753, 0.99943139</discrete>
  </state>
  <state id="9" initial="0.00000000">
   <discrete id="0" order="1">0.03373768, 0.96588324, 0.00018953753, 0.00018953753, 0.03373768, 0.96588324, 0.00018953753, 0.00018953753, 0.03373768, 0.96588324, 0.00018953753, 0.00018953753, 0.03373768, 0.96588324, 0.00018953753, 0.00018953753</discrete>
  </state>
  <state id="10" initial="0.00000000">
   <discrete id="0" order="1">0.99943139, 0.00018953753, 0.00018953753, 0.00018953753, 0.99943139, 0.00018953753, 0.00018953753, 0.00018953753, 0.99943139, 0.00018953753, 0.00018953753, 0.00018953753, 0.99943139, 0.00018953753, 0.00018953753, 0.00018953753</discrete>
  </state>
  <state id="11" initial="0.00000000">
   <discrete id="0" order="1">0.0072024261, 0.15390447, 0.32884761, 0.51004549, 0.0072024261, 0.15390447, 0.32884761, 0.51004549, 0.0072024261, 0.15390447, 0.32884761, 0.51004549, 0.0072024261, 0.15390447, 0.32884761, 0.51004549</discrete>
  </state>
  <state id="12" initial="0.00000000">
   <discrete id="0" order="1">0.22460197, 0.31937074, 0.3555724, 0.10045489, 0.22460197, 0.31937074, 0.3555724, 0.10045489, 0.22460197, 0.31937074, 0.3555724, 0.10045489, 0.22460197, 0.31937074, 0.3555724, 0.10045489</discrete>
  </state>
  <transition source="0" target="1">
   <probability>1</probability>
  </transition>
  <transition source="1" target="1">
   <probability>0.99</probability>
  </transition>
  <transition source="1" target="2">
   <probability>0.01</probability>
  </transition>
  <transition source="2" target="3">
   <probability>1</probability>
  </transition>
  <transition source="3" target="4">
   <probability>1</probability>
  </transition>
  <transition source="4" target="5">
   <probability>1</probability>
  </transition>
  <transition source="5" target="6">
   <probability>1</probability>
  </transition>
  <transition source="6" target="7">
   <probability>1</probability>
  </transition>
  <transition source="7" target="8">
   <probability>1</probability>
  </transition>
  <transition source="8" target="9">
   <probability>1</probability>
  </transition>
  <transition source="9" target="10">
   <probability>1</probability>
  </transition>
  <transition source="10" target="11">
   <probability>1</probability>
  </transition>
  <transition source="11" target="12">
   <probability>1</probability>
  </transition>
  <transition source="12" target="1">
   <probability>1</probability>
  </transition>
 </HMM>
</mixture>
