<?xml version="1.0" encoding="ISO-8859-1"?>
<!DOCTYPE mixture PUBLIC "-//ghmm.org//DOCUMENT ghmm V1.0//EN" "http://ghmm.sourceforge.net/xml/1.0/ghmm.dtd">
<mixture version="1.0" noComponents="1">
 <HMM name="" type="higher-order discrete">
  <alphabet id="0">
   <symbol code="0">A</symbol>
   <symbol code="1">C</symbol>
   <symbol code="2">G</symbol>
   <symbol code="3">T</symbol>
  </alphabet>
  <state id="0" initial="1.00000000">
   <discrete id="0">0.25, 0.25, 0.25, 0.25</discrete>
  </state>
  <state id="1" initial="0.00000000">
   <discrete id="0" order="1">0.25, 0.25, 0.25, 0.25, 0.25, 0.25, 0.25, 0.25, 0.25, 0.25, 0.25, 0.25, 0.25, 0.25, 0.25, 0.25</discrete>
  </state>
  <state id="2" initial="0.00000000">
   <discrete id="0" order="1">0.32003926, 0.019631141, 0.35235315, 0.30797644, 0.32003926, 0.019631141, 0.35235315, 0.30797644, 0.32003926, 0.019631141, 0.35235315, 0.30797644, 0.32003926, 0.019631141, 0.35235315, 0.30797644</discrete>
  </state>
  <state id="3" initial="0.00000000">
   <discrete id="0" order="1">0.39169293, 0.12463192, 0.48364933, 2.5830449e-05, 0.39169293, 0.12463192, 0.48364933, 2.5830449e-05, 0.39169293, 0.12463192, 0.48364933, 2.5830449e-05, 0.39169293, 0.12463192, 0.48364933, 2.5830449e-05</discrete>
  </state>
  <state id="4" initial="0.00000000">
   <discrete id="0" order="1">2.5830449e-05, 2.5830449e-05, 2.5830449e-05, 0.99992251, 2.5830449e-05, 2.5830449e-05, 2.5830449e-05, 0.99992251, 2.5830449e-05, 2.5830449e-05, 2.5830449e-05, 0.99992251, 2.5830449e-05, 2.5830449e-05, 2.5830449e-05, 0.99992251</discrete>
  </state>
  <state id="5" initial="0.00000000">
   <discrete id="0" order="1">2.5830449e-05, 2.5830449e-05, 0.99992251, 2.5830449e-05, 2.5830449e-05, 2.5830449e-05, 0.99992251, 2.5830449e-05, 2.5830449e-05, 2.5830449e-05, 0.99992251, 2.5830449e-05, 2.5830449e-05, 2.5830449e-05, 0.99992251, 2.5830449e-05</discrete>
  </state>
  <state id="6" initial="0.00000000">
   <discrete id="0" order="1">0.99992251, 2.5830449e-05, 2.5830449e-05, 2.5830449e-05, 0.99992251, 2.5830449e-05, 2.5830449e-05, 2.5830449e-05, 0.99992251, 2.5830449e-05, 2.5830449e-05, 2.5830449e-05, 0.99992251, 2.5830449e-05, 2.5830449e-05, 2.5830449e-05</discrete>
  </state>
  <state id="7" initial="0.00000000">
   <discrete id="0" order="1">2.5830449e-05, 0.5904324, 0.36366689, 0.045874877, 2.5830449e-05, 0.5904324, 0.36366689, 0.045874877, 2.5830449e-05, 0.5904324, 0.36366689, 0.045874877, 2.5830449e-05, 0.5904324, 0.36366689, 0.045874877</discrete>
  </state>
  <state id="8" initial="0.00000000">
   <discrete id="0" order="1">2.5830449e-05, 2.5830449e-05, 2.5830449e-05, 0.99992251, 2.5830449e-05, 2.5830449e-05, 2.5830449e-05, 0.99992251, 2.5830449e-05, 2.5830449e-05, 2.5830449e-05, 0.99992251, 2.5830449e-05, 2.5830449e-05, 2.5830449e-05, 0.99992251</discrete>
  </state>
  <state id="9" initial="0.00000000">
   <discrete id="0" order="1">0.039985535, 0.9599628, 2.5830449e-05, 2.5830449e-05, 0.039985535, 0.9599628, 2.5830449e-05, 2.5830449e-05, 0.039985535, 0.9599628, 2.5830449e-05, 2.5830449e-05, 0.039985535, 0.9599628, 2.5830449e-05, 2.5830449e-05</discrete>
  </state>
  <state id="10" initial="0.00000000">
   <discrete id="0" order="1">0.99992251, 2.5830449e-05, 2.5830449e-05, 2.5830449e-05, 0.99992251, 2.5830449e-05, 2.5830449e-05, 2.5830449e-05, 0.99992251, 2.5830449e-05, 2.5830449e-05, 2.5830449e-05, 0.99992251, 2.5830449e-05, 2.5830449e-05, 2.5830449e-05</discrete>
  </state>
  <state id="11" initial="0.00000000">
   <discrete id="0" order="1">2.5830449e-05, 0.13269102, 0.059461693, 0.80782146, 2.5830449e-05, 0.13269102, 0.059461693, 0.80782146, 2.5830449e-05, 0.13269102, 0.059461693, 0.80782146, 2.5830449e-05, 0.13269102, 0.059461693, 0.80782146</discrete>
  </state>
  <state id="12" initial="0.00000000">
   <discrete id="0" order="1">0.14948081, 0.38634602, 0.32107248, 0.14310069, 0.14948081, 0.38634602, 0.32107248, 0.14310069, 0.14948081, 0.38634602, 0.32107248, 0.14310069, 0.14948081, 0.38634602, 0.32107248, 0.14310069</discrete>
  </state>
  <transition source="0" target="1">
   <probability>1</probability>
  </transition>
  <transition source="1" target="1">
   <probability>0.99</probability>
  </transition>
  <transition source="1" target="2">
   <probability>0.01</probability>
  </transition>
  <transition source="2" target="3">
   <probability>1</probability>
  </transition>
  <transition source="3" target="4">
   <probability>1</probability>
  </transition>
  <transition source="4" target="5">
   <probability>1</probability>
  </transition>
  <transition source="5" target="6">
   <probability>1</probability>
  </transition>
  <transition source="6" target="7">
   <probability>1</probability>
  </transition>
  <transition source="7" target="8">
   <probability>1</probability>
  </transition>
  <transition source="8" target="9">
   <probability>1</probability>
  </transition>
  <transition source="9" target="10">
   <probability>1</probability>
  </transition>
  <transition source="10" target="11">
   <probability>1</probability>
  </transition>
  <transition source="11" target="12">
   <probability>1</probability>
  </transition>
  <transition source="12" target="1">
   <probability>1</probability>
  </transition>
 </HMM>
</mixture>
