<?xml version="1.0" encoding="ISO-8859-1"?>
<!DOCTYPE mixture PUBLIC "-//ghmm.org//DOCUMENT ghmm V1.0//EN" "http://ghmm.sourceforge.net/xml/1.0/ghmm.dtd">
<mixture version="1.0" noComponents="1">
 <HMM name="" type="higher-order discrete">
  <alphabet id="0">
   <symbol code="0">A</symbol>
   <symbol code="1">C</symbol>
   <symbol code="2">G</symbol>
   <symbol code="3">T</symbol>
  </alphabet>
  <state id="0" initial="1.00000000">
   <discrete id="0">0.25, 0.25, 0.25, 0.25</discrete>
  </state>
  <state id="1" initial="0.00000000">
   <discrete id="0" order="1">0.25, 0.25, 0.25, 0.25, 0.25, 0.25, 0.25, 0.25, 0.25, 0.25, 0.25, 0.25, 0.25, 0.25, 0.25, 0.25</discrete>
  </state>
  <state id="2" initial="0.00000000">
   <discrete id="0" order="1">0.21216757, 0.19810544, 0.35208284, 0.23764415, 0.21216757, 0.19810544, 0.35208284, 0.23764415, 0.21216757, 0.19810544, 0.35208284, 0.23764415, 0.21216757, 0.19810544, 0.35208284, 0.23764415</discrete>
  </state>
  <state id="3" initial="0.00000000">
   <discrete id="0" order="1">0.29748176, 0.062249941, 0.49588138, 0.14438691, 0.29748176, 0.062249941, 0.49588138, 0.14438691, 0.29748176, 0.062249941, 0.49588138, 0.14438691, 0.29748176, 0.062249941, 0.49588138, 0.14438691</discrete>
  </state>
  <state id="4" initial="0.00000000">
   <discrete id="0" order="1">0.49335138, 0.034302189, 0.4722876, 5.8837373e-05, 0.49335138, 0.034302189, 0.4722876, 5.8837373e-05, 0.49335138, 0.034302189, 0.4722876, 5.8837373e-05, 0.49335138, 0.034302189, 0.4722876, 5.8837373e-05</discrete>
  </state>
  <state id="5" initial="0.00000000">
   <discrete id="0" order="1">5.8837373e-05, 5.8837373e-05, 5.8837373e-05, 0.99982349, 5.8837373e-05, 5.8837373e-05, 5.8837373e-05, 0.99982349, 5.8837373e-05, 5.8837373e-05, 5.8837373e-05, 0.99982349, 5.8837373e-05, 5.8837373e-05, 5.8837373e-05, 0.99982349</discrete>
  </state>
  <state id="6" initial="0.00000000">
   <discrete id="0" order="1">5.8837373e-05, 5.8837373e-05, 0.99982349, 5.8837373e-05, 5.8837373e-05, 5.8837373e-05, 0.99982349, 5.8837373e-05, 5.8837373e-05, 5.8837373e-05, 0.99982349, 5.8837373e-05, 5.8837373e-05, 5.8837373e-05, 0.99982349, 5.8837373e-05</discrete>
  </state>
  <state id="7" initial="0.00000000">
   <discrete id="0" order="1">0.99982349, 5.8837373e-05, 5.8837373e-05, 5.8837373e-05, 0.99982349, 5.8837373e-05, 5.8837373e-05, 5.8837373e-05, 0.99982349, 5.8837373e-05, 5.8837373e-05, 5.8837373e-05, 0.99982349, 5.8837373e-05, 5.8837373e-05, 5.8837373e-05</discrete>
  </state>
  <state id="8" initial="0.00000000">
   <discrete id="0" order="1">5.8837373e-05, 0.5801365, 0.36961638, 0.05018828, 5.8837373e-05, 0.5801365, 0.36961638, 0.05018828, 5.8837373e-05, 0.5801365, 0.36961638, 0.05018828, 5.8837373e-05, 0.5801365, 0.36961638, 0.05018828</discrete>
  </state>
  <state id="9" initial="0.00000000">
   <discrete id="0" order="1">5.8837373e-05, 5.8837373e-05, 5.8837373e-05, 0.99982349, 5.8837373e-05, 5.8837373e-05, 5.8837373e-05, 0.99982349, 5.8837373e-05, 5.8837373e-05, 5.8837373e-05, 0.99982349, 5.8837373e-05, 5.8837373e-05, 5.8837373e-05, 0.99982349</discrete>
  </state>
  <state id="10" initial="0.00000000">
   <discrete id="0" order="1">0.073958578, 0.92592375, 5.8837373e-05, 5.8837373e-05, 0.073958578, 0.92592375, 5.8837373e-05, 5.8837373e-05, 0.073958578, 0.92592375, 5.8837373e-05, 5.8837373e-05, 0.073958578, 0.92592375, 5.8837373e-05, 5.8837373e-05</discrete>
  </state>
  <state id="11" initial="0.00000000">
   <discrete id="0" order="1">0.99982349, 5.8837373e-05, 5.8837373e-05, 5.8837373e-05, 0.99982349, 5.8837373e-05, 5.8837373e-05, 5.8837373e-05, 0.99982349, 5.8837373e-05, 5.8837373e-05, 5.8837373e-05, 0.99982349, 5.8837373e-05, 5.8837373e-05, 5.8837373e-05</discrete>
  </state>
  <state id="12" initial="0.00000000">
   <discrete id="0" order="1">0.043363144, 0.17433514, 0.35996705, 0.42233467, 0.043363144, 0.17433514, 0.35996705, 0.42233467, 0.043363144, 0.17433514, 0.35996705, 0.42233467, 0.043363144, 0.17433514, 0.35996705, 0.42233467</discrete>
  </state>
  <transition source="0" target="1">
   <probability>1</probability>
  </transition>
  <transition source="1" target="1">
   <probability>0.99</probability>
  </transition>
  <transition source="1" target="2">
   <probability>0.01</probability>
  </transition>
  <transition source="2" target="3">
   <probability>1</probability>
  </transition>
  <transition source="3" target="4">
   <probability>1</probability>
  </transition>
  <transition source="4" target="5">
   <probability>1</probability>
  </transition>
  <transition source="5" target="6">
   <probability>1</probability>
  </transition>
  <transition source="6" target="7">
   <probability>1</probability>
  </transition>
  <transition source="7" target="8">
   <probability>1</probability>
  </transition>
  <transition source="8" target="9">
   <probability>1</probability>
  </transition>
  <transition source="9" target="10">
   <probability>1</probability>
  </transition>
  <transition source="10" target="11">
   <probability>1</probability>
  </transition>
  <transition source="11" target="12">
   <probability>1</probability>
  </transition>
  <transition source="12" target="1">
   <probability>1</probability>
  </transition>
 </HMM>
</mixture>
