<?xml version="1.0" encoding="ISO-8859-1"?>
<!DOCTYPE mixture PUBLIC "-//ghmm.org//DOCUMENT ghmm V1.0//EN" "http://ghmm.sourceforge.net/xml/1.0/ghmm.dtd">
<mixture version="1.0" noComponents="1">
 <HMM name="" type="higher-order discrete">
  <alphabet id="0">
   <symbol code="0">A</symbol>
   <symbol code="1">C</symbol>
   <symbol code="2">G</symbol>
   <symbol code="3">T</symbol>
  </alphabet>
  <state id="0" initial="1.00000000">
   <discrete id="0">0.25, 0.25, 0.25, 0.25</discrete>
  </state>
  <state id="1" initial="0.00000000">
   <discrete id="0" order="1">0.25, 0.25, 0.25, 0.25, 0.25, 0.25, 0.25, 0.25, 0.25, 0.25, 0.25, 0.25, 0.25, 0.25, 0.25, 0.25</discrete>
  </state>
  <state id="2" initial="0.00000000">
   <discrete id="0" order="1">0.156708, 0.18695979, 0.39214581, 0.2641864, 0.156708, 0.18695979, 0.39214581, 0.2641864, 0.156708, 0.18695979, 0.39214581, 0.2641864, 0.156708, 0.18695979, 0.39214581, 0.2641864</discrete>
  </state>
  <state id="3" initial="0.00000000">
   <discrete id="0" order="1">0.28673431, 0.11142428, 0.50883127, 0.093010147, 0.28673431, 0.11142428, 0.50883127, 0.093010147, 0.28673431, 0.11142428, 0.50883127, 0.093010147, 0.28673431, 0.11142428, 0.50883127, 0.093010147</discrete>
  </state>
  <state id="4" initial="0.00000000">
   <discrete id="0" order="1">0.53776776, 0.01052236, 0.43761744, 0.014092446, 0.53776776, 0.01052236, 0.43761744, 0.014092446, 0.53776776, 0.01052236, 0.43761744, 0.014092446, 0.53776776, 0.01052236, 0.43761744, 0.014092446</discrete>
  </state>
  <state id="5" initial="0.00000000">
   <discrete id="0" order="1">0.00018789929, 0.00018789929, 0.00018789929, 0.9994363, 0.00018789929, 0.00018789929, 0.00018789929, 0.9994363, 0.00018789929, 0.00018789929, 0.00018789929, 0.9994363, 0.00018789929, 0.00018789929, 0.00018789929, 0.9994363</discrete>
  </state>
  <state id="6" initial="0.00000000">
   <discrete id="0" order="1">0.00018789929, 0.00018789929, 0.9994363, 0.00018789929, 0.00018789929, 0.00018789929, 0.9994363, 0.00018789929, 0.00018789929, 0.00018789929, 0.9994363, 0.00018789929, 0.00018789929, 0.00018789929, 0.9994363, 0.00018789929</discrete>
  </state>
  <state id="7" initial="0.00000000">
   <discrete id="0" order="1">0.95377678, 0.0097707629, 0.036264562, 0.00018789929, 0.95377678, 0.0097707629, 0.036264562, 0.00018789929, 0.95377678, 0.0097707629, 0.036264562, 0.00018789929, 0.95377678, 0.0097707629, 0.036264562, 0.00018789929</discrete>
  </state>
  <state id="8" initial="0.00000000">
   <discrete id="0" order="1">0.00018789929, 0.61762495, 0.34554679, 0.036640361, 0.00018789929, 0.61762495, 0.34554679, 0.036640361, 0.00018789929, 0.61762495, 0.34554679, 0.036640361, 0.00018789929, 0.61762495, 0.34554679, 0.036640361</discrete>
  </state>
  <state id="9" initial="0.00000000">
   <discrete id="0" order="1">0.00018789929, 0.00018789929, 0.00018789929, 0.9994363, 0.00018789929, 0.00018789929, 0.00018789929, 0.9994363, 0.00018789929, 0.00018789929, 0.00018789929, 0.9994363, 0.00018789929, 0.00018789929, 0.00018789929, 0.9994363</discrete>
  </state>
  <state id="10" initial="0.00000000">
   <discrete id="0" order="1">0.038707253, 0.96091695, 0.00018789929, 0.00018789929, 0.038707253, 0.96091695, 0.00018789929, 0.00018789929, 0.038707253, 0.96091695, 0.00018789929, 0.00018789929, 0.038707253, 0.96091695, 0.00018789929, 0.00018789929</discrete>
  </state>
  <state id="11" initial="0.00000000">
   <discrete id="0" order="1">0.9994363, 0.00018789929, 0.00018789929, 0.00018789929, 0.9994363, 0.00018789929, 0.00018789929, 0.00018789929, 0.9994363, 0.00018789929, 0.00018789929, 0.00018789929, 0.9994363, 0.00018789929, 0.00018789929, 0.00018789929</discrete>
  </state>
  <state id="12" initial="0.00000000">
   <discrete id="0" order="1">0.00018789929, 0.263059, 0.36339722, 0.37335588, 0.00018789929, 0.263059, 0.36339722, 0.37335588, 0.00018789929, 0.263059, 0.36339722, 0.37335588, 0.00018789929, 0.263059, 0.36339722, 0.37335588</discrete>
  </state>
  <transition source="0" target="1">
   <probability>1</probability>
  </transition>
  <transition source="1" target="1">
   <probability>0.99</probability>
  </transition>
  <transition source="1" target="2">
   <probability>0.01</probability>
  </transition>
  <transition source="2" target="3">
   <probability>1</probability>
  </transition>
  <transition source="3" target="4">
   <probability>1</probability>
  </transition>
  <transition source="4" target="5">
   <probability>1</probability>
  </transition>
  <transition source="5" target="6">
   <probability>1</probability>
  </transition>
  <transition source="6" target="7">
   <probability>1</probability>
  </transition>
  <transition source="7" target="8">
   <probability>1</probability>
  </transition>
  <transition source="8" target="9">
   <probability>1</probability>
  </transition>
  <transition source="9" target="10">
   <probability>1</probability>
  </transition>
  <transition source="10" target="11">
   <probability>1</probability>
  </transition>
  <transition source="11" target="12">
   <probability>1</probability>
  </transition>
  <transition source="12" target="1">
   <probability>1</probability>
  </transition>
 </HMM>
</mixture>
