<?xml version="1.0" encoding="ISO-8859-1"?>
<!DOCTYPE mixture PUBLIC "-//ghmm.org//DOCUMENT ghmm V1.0//EN" "http://ghmm.sourceforge.net/xml/1.0/ghmm.dtd">
<mixture version="1.0" noComponents="1">
 <HMM name="" type="higher-order discrete">
  <alphabet id="0">
   <symbol code="0">A</symbol>
   <symbol code="1">C</symbol>
   <symbol code="2">G</symbol>
   <symbol code="3">T</symbol>
  </alphabet>
  <state id="0" initial="1.00000000">
   <discrete id="0">0.25, 0.25, 0.25, 0.25</discrete>
  </state>
  <state id="1" initial="0.00000000">
   <discrete id="0" order="1">0.25, 0.25, 0.25, 0.25, 0.25, 0.25, 0.25, 0.25, 0.25, 0.25, 0.25, 0.25, 0.25, 0.25, 0.25, 0.25</discrete>
  </state>
  <state id="2" initial="0.00000000">
   <discrete id="0" order="1">0.087146604, 0.42524045, 0.25852521, 0.22908773, 0.087146604, 0.42524045, 0.25852521, 0.22908773, 0.087146604, 0.42524045, 0.25852521, 0.22908773, 0.087146604, 0.42524045, 0.25852521, 0.22908773</discrete>
  </state>
  <state id="3" initial="0.00000000">
   <discrete id="0" order="1">0.1142524, 0.55552317, 0.16642378, 0.16380064, 0.1142524, 0.55552317, 0.16642378, 0.16380064, 0.1142524, 0.55552317, 0.16642378, 0.16380064, 0.1142524, 0.55552317, 0.16642378, 0.16380064</discrete>
  </state>
  <state id="4" initial="0.00000000">
   <discrete id="0" order="1">0.59312154, 0.042553191, 0.30282716, 0.061498106, 0.59312154, 0.042553191, 0.30282716, 0.061498106, 0.59312154, 0.042553191, 0.30282716, 0.061498106, 0.59312154, 0.042553191, 0.30282716, 0.061498106</discrete>
  </state>
  <state id="5" initial="0.00000000">
   <discrete id="0" order="1">0.00029146022, 0.78373652, 0.0049548237, 0.2110172, 0.00029146022, 0.78373652, 0.0049548237, 0.2110172, 0.00029146022, 0.78373652, 0.0049548237, 0.2110172, 0.00029146022, 0.78373652, 0.0049548237, 0.2110172</discrete>
  </state>
  <state id="6" initial="0.00000000">
   <discrete id="0" order="1">0.0026231419, 0.00029146022, 0.00029146022, 0.99679394, 0.0026231419, 0.00029146022, 0.00029146022, 0.99679394, 0.0026231419, 0.00029146022, 0.00029146022, 0.99679394, 0.0026231419, 0.00029146022, 0.00029146022, 0.99679394</discrete>
  </state>
  <state id="7" initial="0.00000000">
   <discrete id="0" order="1">0.00029146022, 0.00029146022, 0.00029146022, 0.99912562, 0.00029146022, 0.00029146022, 0.00029146022, 0.99912562, 0.00029146022, 0.00029146022, 0.00029146022, 0.99912562, 0.00029146022, 0.00029146022, 0.00029146022, 0.99912562</discrete>
  </state>
  <state id="8" initial="0.00000000">
   <discrete id="0" order="1">0.00029146022, 0.99912562, 0.00029146022, 0.00029146022, 0.00029146022, 0.99912562, 0.00029146022, 0.00029146022, 0.00029146022, 0.99912562, 0.00029146022, 0.00029146022, 0.00029146022, 0.99912562, 0.00029146022, 0.00029146022</discrete>
  </state>
  <state id="9" initial="0.00000000">
   <discrete id="0" order="1">0.00029146022, 0.99912562, 0.00029146022, 0.00029146022, 0.00029146022, 0.99912562, 0.00029146022, 0.00029146022, 0.00029146022, 0.99912562, 0.00029146022, 0.00029146022, 0.00029146022, 0.99912562, 0.00029146022, 0.00029146022</discrete>
  </state>
  <state id="10" initial="0.00000000">
   <discrete id="0" order="1">0.00029146022, 0.00029146022, 0.84989799, 0.14951909, 0.00029146022, 0.00029146022, 0.84989799, 0.14951909, 0.00029146022, 0.00029146022, 0.84989799, 0.14951909, 0.00029146022, 0.00029146022, 0.84989799, 0.14951909</discrete>
  </state>
  <state id="11" initial="0.00000000">
   <discrete id="0" order="1">0.00029146022, 0.14631303, 0.82891285, 0.024482658, 0.00029146022, 0.14631303, 0.82891285, 0.024482658, 0.00029146022, 0.14631303, 0.82891285, 0.024482658, 0.00029146022, 0.14631303, 0.82891285, 0.024482658</discrete>
  </state>
  <state id="12" initial="0.00000000">
   <discrete id="0" order="1">0.084814923, 0.36549111, 0.19498688, 0.35470708, 0.084814923, 0.36549111, 0.19498688, 0.35470708, 0.084814923, 0.36549111, 0.19498688, 0.35470708, 0.084814923, 0.36549111, 0.19498688, 0.35470708</discrete>
  </state>
  <transition source="0" target="1">
   <probability>1</probability>
  </transition>
  <transition source="1" target="1">
   <probability>0.99</probability>
  </transition>
  <transition source="1" target="2">
   <probability>0.01</probability>
  </transition>
  <transition source="2" target="3">
   <probability>1</probability>
  </transition>
  <transition source="3" target="4">
   <probability>1</probability>
  </transition>
  <transition source="4" target="5">
   <probability>1</probability>
  </transition>
  <transition source="5" target="6">
   <probability>1</probability>
  </transition>
  <transition source="6" target="7">
   <probability>1</probability>
  </transition>
  <transition source="7" target="8">
   <probability>1</probability>
  </transition>
  <transition source="8" target="9">
   <probability>1</probability>
  </transition>
  <transition source="9" target="10">
   <probability>1</probability>
  </transition>
  <transition source="10" target="11">
   <probability>1</probability>
  </transition>
  <transition source="11" target="12">
   <probability>1</probability>
  </transition>
  <transition source="12" target="1">
   <probability>1</probability>
  </transition>
 </HMM>
</mixture>
