MEME version 4

ALPHABET= ACGT

strands: + -

Background letter frequencies
A 0.25 C 0.25 G 0.25 T 0.25

MOTIF MA0004.1 Arnt
letter-probability matrix: alength= 4 w= 6 nsites= 20 E= 0
 0.200000  0.800000  0.000000  0.000000
 0.950000  0.000000  0.050000  0.000000
 0.000000  1.000000  0.000000  0.000000
 0.000000  0.000000  1.000000  0.000000
 0.000000  0.000000  0.000000  1.000000
 0.000000  0.000000  1.000000  0.000000
URL http://jaspar.genereg.net/matrix/MA0004.1

MOTIF MA0006.1 Ahr::Arnt
letter-probability matrix: alength= 4 w= 6 nsites= 24 E= 0
 0.125000  0.333333  0.083333  0.458333
 0.000000  0.000000  0.958333  0.041667
 0.000000  0.958333  0.000000  0.041667
 0.000000  0.000000  0.958333  0.041667
 0.000000  0.000000  0.000000  1.000000
 0.000000  0.000000  1.000000  0.000000
URL http://jaspar.genereg.net/matrix/MA0006.1

MOTIF MA0010.1 br
letter-probability matrix: alength= 4 w= 14 nsites= 9 E= 0
 0.333333  0.111111  0.444444  0.111111
 0.111111  0.111111  0.111111  0.666667
 0.555556  0.222222  0.111111  0.111111
 0.777778  0.000000  0.111111  0.111111
 0.333333  0.000000  0.000000  0.666667
 0.666667  0.000000  0.000000  0.333333
 0.444444  0.111111  0.444444  0.000000
 0.777778  0.000000  0.111111  0.111111
 0.111111  0.888889  0.000000  0.000000
 1.000000  0.000000  0.000000  0.000000
 0.888889  0.000000  0.111111  0.000000
 0.555556  0.000000  0.333333  0.111111
 0.444444  0.000000  0.000000  0.555556
 0.222222  0.333333  0.222222  0.222222
URL http://jaspar.genereg.net/matrix/MA0010.1

MOTIF MA0011.1 br(var.2)
letter-probability matrix: alength= 4 w= 8 nsites= 12 E= 0
 0.250000  0.083333  0.083333  0.583333
 0.416667  0.166667  0.083333  0.333333
 0.000000  0.833333  0.000000  0.166667
 0.000000  0.083333  0.000000  0.916667
 1.000000  0.000000  0.000000  0.000000
 0.083333  0.083333  0.166667  0.666667
 0.166667  0.000000  0.083333  0.750000
 0.083333  0.166667  0.083333  0.666667
URL http://jaspar.genereg.net/matrix/MA0011.1

MOTIF MA0012.1 br(var.3)
letter-probability matrix: alength= 4 w= 11 nsites= 12 E= 0
 0.250000  0.083333  0.083333  0.583333
 0.750000  0.166667  0.083333  0.000000
 0.833333  0.000000  0.000000  0.166667
 1.000000  0.000000  0.000000  0.000000
 0.000000  0.833333  0.083333  0.083333
 0.333333  0.000000  0.000000  0.666667
 0.833333  0.000000  0.000000  0.166667
 0.500000  0.000000  0.333333  0.166667
 0.500000  0.083333  0.166667  0.250000
 0.333333  0.250000  0.166667  0.250000
 0.166667  0.250000  0.416667  0.166667
URL http://jaspar.genereg.net/matrix/MA0012.1

MOTIF MA0013.1 br(var.4)
letter-probability matrix: alength= 4 w= 11 nsites= 6 E= 0
 0.166667  0.166667  0.000000  0.666667
 0.666667  0.000000  0.000000  0.333333
 0.333333  0.000000  0.666667  0.000000
 0.166667  0.000000  0.000000  0.833333
 0.833333  0.000000  0.166667  0.000000
 1.000000  0.000000  0.000000  0.000000
 0.833333  0.000000  0.166667  0.000000
 0.166667  0.500000  0.166667  0.166667
 0.500000  0.000000  0.166667  0.333333
 0.833333  0.000000  0.000000  0.166667
 0.500000  0.166667  0.000000  0.333333
URL http://jaspar.genereg.net/matrix/MA0013.1

MOTIF MA0015.1 Cf2
letter-probability matrix: alength= 4 w= 10 nsites= 80 E= 0
 0.312500  0.162500  0.500000  0.025000
 0.012500  0.025000  0.012500  0.950000
 0.925000  0.025000  0.050000  0.000000
 0.000000  0.112500  0.050000  0.837500
 0.975000  0.025000  0.000000  0.000000
 0.012500  0.050000  0.012500  0.925000
 0.512500  0.025000  0.450000  0.012500
 0.025000  0.112500  0.012500  0.850000
 0.662500  0.037500  0.250000  0.050000
 0.150000  0.362500  0.187500  0.300000
URL http://jaspar.genereg.net/matrix/MA0015.1

MOTIF MA0016.1 usp
letter-probability matrix: alength= 4 w= 10 nsites= 38 E= 0
 0.000000  0.026316  0.973684  0.000000
 0.026316  0.000000  0.947368  0.026316
 0.000000  0.000000  1.000000  0.000000
 0.000000  0.000000  1.000000  0.000000
 0.000000  0.000000  0.000000  1.000000
 0.000000  0.947368  0.026316  0.026316
 0.921053  0.000000  0.078947  0.000000
 0.131579  0.657895  0.078947  0.131579
 0.131579  0.210526  0.578947  0.078947
 0.157895  0.263158  0.421053  0.157895
URL http://jaspar.genereg.net/matrix/MA0016.1

MOTIF MA0019.1 Ddit3::Cebpa
letter-probability matrix: alength= 4 w= 12 nsites= 39 E= 0
 0.358974  0.179487  0.307692  0.153846
 0.282051  0.179487  0.358974  0.179487
 0.461538  0.076923  0.384615  0.076923
 0.000000  0.025641  0.000000  0.974359
 0.000000  0.000000  0.974359  0.025641
 0.102564  0.846154  0.000000  0.051282
 0.974359  0.025641  0.000000  0.000000
 0.923077  0.051282  0.025641  0.000000
 0.000000  0.153846  0.000000  0.846154
 0.358974  0.435897  0.128205  0.076923
 0.102564  0.589744  0.230769  0.076923
 0.000000  0.666667  0.153846  0.179487
URL http://jaspar.genereg.net/matrix/MA0019.1

MOTIF MA0020.1 Dof2
letter-probability matrix: alength= 4 w= 6 nsites= 21 E= 0
 1.000000  0.000000  0.000000  0.000000
 1.000000  0.000000  0.000000  0.000000
 1.000000  0.000000  0.000000  0.000000
 0.000000  0.000000  1.000000  0.000000
 0.142857  0.666667  0.095238  0.095238
 0.333333  0.285714  0.142857  0.238095
URL http://jaspar.genereg.net/matrix/MA0020.1

MOTIF MA0021.1 Dof3
letter-probability matrix: alength= 4 w= 6 nsites= 21 E= 0
 1.000000  0.000000  0.000000  0.000000
 1.000000  0.000000  0.000000  0.000000
 1.000000  0.000000  0.000000  0.000000
 0.000000  0.000000  1.000000  0.000000
 0.000000  0.476190  0.142857  0.380952
 0.285714  0.285714  0.428571  0.000000
URL http://jaspar.genereg.net/matrix/MA0021.1

MOTIF MA0022.1 dl
letter-probability matrix: alength= 4 w= 12 nsites= 13 E= 0
 0.000000  0.384615  0.461538  0.153846
 0.000000  0.000000  0.923077  0.076923
 0.000000  0.076923  0.846154  0.076923
 0.000000  0.000000  0.769231  0.230769
 0.076923  0.076923  0.230769  0.615385
 0.076923  0.000000  0.153846  0.769231
 0.076923  0.000000  0.000000  0.923077
 0.000000  0.000000  0.000000  1.000000
 0.000000  0.230769  0.000000  0.769231
 0.076923  0.692308  0.000000  0.230769
 0.076923  0.692308  0.076923  0.153846
 0.230769  0.384615  0.384615  0.000000
URL http://jaspar.genereg.net/matrix/MA0022.1

MOTIF MA0023.1 dl(var.2)
letter-probability matrix: alength= 4 w= 10 nsites= 9 E= 0
 0.000000  0.111111  0.777778  0.111111
 0.000000  0.000000  0.777778  0.222222
 0.000000  0.000000  1.000000  0.000000
 0.000000  0.000000  0.888889  0.111111
 0.444444  0.111111  0.000000  0.444444
 0.222222  0.111111  0.000000  0.666667
 0.000000  0.000000  0.000000  1.000000
 0.000000  0.111111  0.000000  0.888889
 0.000000  1.000000  0.000000  0.000000
 0.111111  0.888889  0.000000  0.000000
URL http://jaspar.genereg.net/matrix/MA0023.1

MOTIF MA0025.1 NFIL3
letter-probability matrix: alength= 4 w= 11 nsites= 23 E= 0
 0.043478  0.000000  0.000000  0.956522
 0.000000  0.000000  0.086957  0.913043
 0.956522  0.000000  0.000000  0.043478
 0.000000  0.347826  0.000000  0.652174
 0.086957  0.000000  0.913043  0.000000
 0.000000  0.000000  0.000000  1.000000
 1.000000  0.000000  0.000000  0.000000
 0.956522  0.000000  0.043478  0.000000
 0.000000  0.478261  0.173913  0.347826
 0.304348  0.217391  0.304348  0.173913
 0.217391  0.217391  0.130435  0.434783
URL http://jaspar.genereg.net/matrix/MA0025.1

MOTIF MA0026.1 Eip74EF
letter-probability matrix: alength= 4 w= 7 nsites= 17 E= 0
 0.117647  0.705882  0.117647  0.058824
 0.294118  0.705882  0.000000  0.000000
 0.000000  0.000000  1.000000  0.000000
 0.000000  0.000000  1.000000  0.000000
 1.000000  0.000000  0.000000  0.000000
 1.000000  0.000000  0.000000  0.000000
 0.294118  0.058824  0.588235  0.058824
URL http://jaspar.genereg.net/matrix/MA0026.1

MOTIF MA0029.1 Mecom
letter-probability matrix: alength= 4 w= 14 nsites= 27 E= 0
 0.518519  0.074074  0.222222  0.185185
 0.740741  0.037037  0.074074  0.148148
 0.000000  0.037037  0.925926  0.037037
 1.000000  0.000000  0.000000  0.000000
 0.037037  0.370370  0.000000  0.592593
 1.000000  0.000000  0.000000  0.000000
 0.962963  0.000000  0.037037  0.000000
 0.000000  0.000000  1.000000  0.000000
 1.000000  0.000000  0.000000  0.000000
 0.000000  0.111111  0.000000  0.888889
 0.888889  0.037037  0.000000  0.074074
 0.851852  0.000000  0.148148  0.000000
 0.222222  0.259259  0.259259  0.259259
 0.555556  0.222222  0.111111  0.111111
URL http://jaspar.genereg.net/matrix/MA0029.1

MOTIF MA0030.1 FOXF2
letter-probability matrix: alength= 4 w= 14 nsites= 27 E= 0
 0.037037  0.370370  0.259259  0.333333
 0.370370  0.259259  0.185185  0.185185
 0.629630  0.148148  0.074074  0.148148
 0.481481  0.185185  0.185185  0.185185
 0.111111  0.407407  0.296296  0.000000
 0.259259  0.000000  0.740741  0.000000
 0.000000  0.000000  0.000000  1.000000
 1.000000  0.000000  0.000000  0.000000
 1.000000  0.000000  0.000000  0.000000
 1.000000  0.000000  0.000000  0.000000
 0.000000  0.925926  0.000000  0.074074
 1.000000  0.000000  0.000000  0.000000
 0.592593  0.148148  0.074074  0.185185
 0.259259  0.148148  0.222222  0.370370
URL http://jaspar.genereg.net/matrix/MA0030.1

MOTIF MA0031.1 FOXD1
letter-probability matrix: alength= 4 w= 8 nsites= 20 E= 0
 0.050000  0.050000  0.850000  0.050000
 0.000000  0.000000  0.000000  1.000000
 0.950000  0.050000  0.000000  0.000000
 1.000000  0.000000  0.000000  0.000000
 0.900000  0.050000  0.050000  0.000000
 0.050000  0.900000  0.000000  0.050000
 1.000000  0.000000  0.000000  0.000000
 0.350000  0.100000  0.150000  0.400000
URL http://jaspar.genereg.net/matrix/MA0031.1

MOTIF MA0034.1 Gam1
letter-probability matrix: alength= 4 w= 10 nsites= 25 E= 0
 0.160000  0.240000  0.440000  0.160000
 0.400000  0.200000  0.280000  0.120000
 0.120000  0.520000  0.000000  0.360000
 0.920000  0.040000  0.040000  0.000000
 1.000000  0.000000  0.000000  0.000000
 0.040000  0.960000  0.000000  0.000000
 0.120000  0.560000  0.240000  0.080000
 0.240000  0.000000  0.760000  0.000000
 0.400000  0.440000  0.000000  0.160000
 0.200000  0.760000  0.040000  0.000000
URL http://jaspar.genereg.net/matrix/MA0034.1

MOTIF MA0038.1 Gfi1
letter-probability matrix: alength= 4 w= 10 nsites= 53 E= 0
 0.169811  0.377358  0.169811  0.283019
 0.528302  0.301887  0.132075  0.037736
 1.000000  0.000000  0.000000  0.000000
 1.000000  0.000000  0.000000  0.000000
 0.018868  0.000000  0.018868  0.962264
 0.018868  0.981132  0.000000  0.000000
 0.584906  0.132075  0.037736  0.245283
 0.150943  0.528302  0.207547  0.113208
 0.358491  0.207547  0.037736  0.396226
 0.132075  0.245283  0.528302  0.094340
URL http://jaspar.genereg.net/matrix/MA0038.1

MOTIF MA0040.1 Foxq1
letter-probability matrix: alength= 4 w= 11 nsites= 18 E= 0
 0.222222  0.222222  0.166667  0.388889
 0.722222  0.055556  0.166667  0.055556
 0.277778  0.111111  0.000000  0.611111
 0.166667  0.000000  0.000000  0.833333
 0.000000  0.000000  1.000000  0.000000
 0.000000  0.000000  0.000000  1.000000
 0.000000  0.000000  0.000000  1.000000
 0.000000  0.000000  0.000000  1.000000
 0.944444  0.000000  0.055556  0.000000
 0.000000  0.055556  0.222222  0.722222
 0.333333  0.000000  0.166667  0.500000
URL http://jaspar.genereg.net/matrix/MA0040.1

MOTIF MA0041.1 Foxd3
letter-probability matrix: alength= 4 w= 12 nsites= 47 E= 0
 0.234043  0.063830  0.553191  0.148936
 0.638298  0.042553  0.000000  0.319149
 0.510638  0.021277  0.000000  0.468085
 0.021277  0.085106  0.000000  0.893617
 0.255319  0.000000  0.723404  0.021277
 0.000000  0.000000  0.000000  1.000000
 0.021277  0.000000  0.000000  0.978723
 0.106383  0.000000  0.212766  0.680851
 0.297872  0.000000  0.446809  0.255319
 0.127660  0.148936  0.000000  0.723404
 0.021277  0.042553  0.085106  0.851064
 0.000000  0.255319  0.000000  0.744681
URL http://jaspar.genereg.net/matrix/MA0041.1

MOTIF MA0044.1 HMG-1
letter-probability matrix: alength= 4 w= 9 nsites= 13 E= 0
 0.000000  0.384615  0.615385  0.000000
 0.000000  0.000000  0.230769  0.769231
 0.000000  0.307692  0.000000  0.692308
 0.000000  0.153846  0.769231  0.076923
 0.000000  0.076923  0.000000  0.923077
 0.461538  0.076923  0.230769  0.230769
 0.230769  0.384615  0.000000  0.384615
 0.000000  0.076923  0.153846  0.769231
 0.000000  0.615385  0.076923  0.307692
URL http://jaspar.genereg.net/matrix/MA0044.1

MOTIF MA0045.1 HMG-I/Y
letter-probability matrix: alength= 4 w= 16 nsites= 14 E= 0
 0.214286  0.357143  0.285714  0.142857
 0.500000  0.000000  0.214286  0.285714
 0.642857  0.071429  0.071429  0.214286
 0.214286  0.428571  0.285714  0.071429
 0.785714  0.000000  0.214286  0.000000
 0.785714  0.000000  0.142857  0.071429
 0.785714  0.000000  0.142857  0.071429
 0.214286  0.214286  0.142857  0.428571
 0.285714  0.071429  0.571429  0.071429
 0.214286  0.285714  0.428571  0.071429
 0.571429  0.357143  0.071429  0.000000
 0.571429  0.071429  0.285714  0.071429
 0.642857  0.000000  0.142857  0.214286
 0.642857  0.357143  0.000000  0.000000
 0.785714  0.000000  0.214286  0.000000
 0.142857  0.500000  0.000000  0.357143
URL http://jaspar.genereg.net/matrix/MA0045.1

MOTIF MA0049.1 hb
letter-probability matrix: alength= 4 w= 10 nsites= 16 E= 0
 0.062500  0.312500  0.500000  0.125000
 0.375000  0.500000  0.125000  0.000000
 0.562500  0.187500  0.250000  0.000000
 0.250000  0.187500  0.062500  0.500000
 0.812500  0.062500  0.000000  0.125000
 1.000000  0.000000  0.000000  0.000000
 1.000000  0.000000  0.000000  0.000000
 0.875000  0.000000  0.125000  0.000000
 0.937500  0.062500  0.000000  0.000000
 0.562500  0.125000  0.125000  0.187500
URL http://jaspar.genereg.net/matrix/MA0049.1

MOTIF MA0051.1 IRF2
letter-probability matrix: alength= 4 w= 18 nsites= 12 E= 0
 0.000000  0.333333  0.583333  0.083333
 0.166667  0.000000  0.833333  0.000000
 1.000000  0.000000  0.000000  0.000000
 0.916667  0.000000  0.000000  0.083333
 1.000000  0.000000  0.000000  0.000000
 0.166667  0.000000  0.833333  0.000000
 0.000000  0.500000  0.000000  0.500000
 0.000000  0.000000  1.000000  0.000000
 1.000000  0.000000  0.000000  0.000000
 1.000000  0.000000  0.000000  0.000000
 1.000000  0.000000  0.000000  0.000000
 0.000000  0.500000  0.500000  0.000000
 0.000000  0.583333  0.166667  0.250000
 0.416667  0.166667  0.250000  0.166667
 0.500000  0.000000  0.166667  0.333333
 0.500000  0.083333  0.083333  0.333333
 0.416667  0.166667  0.083333  0.333333
 0.250000  0.500000  0.083333  0.166667
URL http://jaspar.genereg.net/matrix/MA0051.1

MOTIF MA0053.1 MNB1A
letter-probability matrix: alength= 4 w= 5 nsites= 15 E= 0
 1.000000  0.000000  0.000000  0.000000
 1.000000  0.000000  0.000000  0.000000
 1.000000  0.000000  0.000000  0.000000
 0.000000  0.000000  1.000000  0.000000
 0.200000  0.600000  0.000000  0.200000
URL http://jaspar.genereg.net/matrix/MA0053.1

MOTIF MA0054.1 myb.Ph3
letter-probability matrix: alength= 4 w= 9 nsites= 70 E= 0
 0.271429  0.042857  0.028571  0.657143
 0.914286  0.014286  0.028571  0.042857
 0.900000  0.000000  0.028571  0.071429
 0.057143  0.885714  0.042857  0.014286
 0.142857  0.385714  0.228571  0.242857
 0.142857  0.028571  0.757143  0.071429
 0.185714  0.114286  0.000000  0.700000
 0.042857  0.242857  0.014286  0.700000
 0.400000  0.014286  0.000000  0.585714
URL http://jaspar.genereg.net/matrix/MA0054.1

MOTIF MA0056.1 MZF1
letter-probability matrix: alength= 4 w= 6 nsites= 20 E= 0
 0.150000  0.250000  0.200000  0.400000
 0.000000  0.000000  0.950000  0.050000
 0.100000  0.000000  0.900000  0.000000
 0.000000  0.000000  0.950000  0.050000
 0.000000  0.000000  1.000000  0.000000
 0.900000  0.000000  0.100000  0.000000
URL http://jaspar.genereg.net/matrix/MA0056.1

MOTIF MA0057.1 MZF1(var.2)
letter-probability matrix: alength= 4 w= 10 nsites= 16 E= 0
 0.062500  0.250000  0.437500  0.250000
 0.125000  0.000000  0.437500  0.437500
 0.937500  0.062500  0.000000  0.000000
 0.000000  0.000000  0.687500  0.312500
 0.000000  0.000000  0.937500  0.062500
 0.000000  0.125000  0.875000  0.000000
 0.000000  0.000000  0.875000  0.125000
 0.187500  0.062500  0.500000  0.250000
 0.625000  0.000000  0.250000  0.125000
 0.500000  0.125000  0.250000  0.125000
URL http://jaspar.genereg.net/matrix/MA0057.1

MOTIF MA0059.1 MAX::MYC
letter-probability matrix: alength= 4 w= 11 nsites= 21 E= 0
 0.333333  0.047619  0.428571  0.190476
 0.714286  0.047619  0.190476  0.047619
 0.095238  0.428571  0.428571  0.047619
 0.047619  0.952381  0.000000  0.000000
 1.000000  0.000000  0.000000  0.000000
 0.000000  0.952381  0.000000  0.047619
 0.047619  0.000000  0.952381  0.000000
 0.000000  0.047619  0.000000  0.952381
 0.000000  0.000000  1.000000  0.000000
 0.047619  0.047619  0.857143  0.047619
 0.142857  0.238095  0.000000  0.619048
URL http://jaspar.genereg.net/matrix/MA0059.1

MOTIF MA0063.1 Nkx2-5
letter-probability matrix: alength= 4 w= 7 nsites= 17 E= 0
 0.411765  0.000000  0.058824  0.529412
 0.000000  0.235294  0.000000  0.764706
 1.000000  0.000000  0.000000  0.000000
 1.000000  0.000000  0.000000  0.000000
 0.000000  0.000000  0.411765  0.588235
 0.235294  0.117647  0.000000  0.647059
 0.117647  0.058824  0.647059  0.176471
URL http://jaspar.genereg.net/matrix/MA0063.1

MOTIF MA0064.1 PBF
letter-probability matrix: alength= 4 w= 5 nsites= 16 E= 0
 1.000000  0.000000  0.000000  0.000000
 1.000000  0.000000  0.000000  0.000000
 1.000000  0.000000  0.000000  0.000000
 0.000000  0.000000  1.000000  0.000000
 0.062500  0.562500  0.062500  0.312500
URL http://jaspar.genereg.net/matrix/MA0064.1

MOTIF MA0066.1 PPARG
letter-probability matrix: alength= 4 w= 20 nsites= 28 E= 0
 0.107143  0.285714  0.500000  0.107143
 0.107143  0.000000  0.000000  0.892857
 0.678571  0.000000  0.321429  0.000000
 0.000000  0.035714  0.964286  0.000000
 0.035714  0.000000  0.928571  0.035714
 0.000000  0.035714  0.142857  0.821429
 0.071429  0.821429  0.107143  0.000000
 0.928571  0.035714  0.000000  0.035714
 0.178571  0.535714  0.142857  0.142857
 0.178571  0.250000  0.357143  0.214286
 0.142857  0.071429  0.642857  0.142857
 0.035714  0.000000  0.071429  0.892857
 0.071429  0.178571  0.714286  0.035714
 0.785714  0.178571  0.000000  0.035714
 0.035714  0.964286  0.000000  0.000000
 0.000000  0.892857  0.000000  0.107143
 0.107143  0.428571  0.000000  0.464286
 0.785714  0.178571  0.000000  0.035714
 0.178571  0.428571  0.214286  0.178571
 0.250000  0.000000  0.035714  0.714286
URL http://jaspar.genereg.net/matrix/MA0066.1

MOTIF MA0067.1 Pax2
letter-probability matrix: alength= 4 w= 8 nsites= 31 E= 0
 0.322581  0.225806  0.161290  0.290323
 0.225806  0.032258  0.677419  0.064516
 0.096774  0.064516  0.000000  0.838710
 0.000000  0.903226  0.032258  0.064516
 0.838710  0.032258  0.096774  0.032258
 0.064516  0.548387  0.032258  0.354839
 0.064516  0.000000  0.612903  0.322581
 0.032258  0.354839  0.354839  0.258065
URL http://jaspar.genereg.net/matrix/MA0067.1

MOTIF MA0069.1 Pax6
letter-probability matrix: alength= 4 w= 14 nsites= 43 E= 0
 0.046512  0.093023  0.093023  0.767442
 0.046512  0.046512  0.000000  0.906977
 0.093023  0.604651  0.023256  0.279070
 0.906977  0.046512  0.023256  0.023256
 0.069767  0.790698  0.023256  0.116279
 0.023256  0.000000  0.953488  0.023256
 0.023256  0.860465  0.093023  0.023256
 0.488372  0.046512  0.046512  0.418605
 0.023256  0.093023  0.023256  0.860465
 0.046512  0.325581  0.581395  0.046512
 0.837209  0.000000  0.139535  0.023256
 0.255814  0.255814  0.302326  0.186047
 0.023256  0.116279  0.069767  0.790698
 0.023256  0.000000  0.395349  0.581395
URL http://jaspar.genereg.net/matrix/MA0069.1

MOTIF MA0070.1 PBX1
letter-probability matrix: alength= 4 w= 12 nsites= 18 E= 0
 0.277778  0.333333  0.111111  0.277778
 0.166667  0.500000  0.166667  0.166667
 0.888889  0.055556  0.055556  0.000000
 0.055556  0.055556  0.000000  0.888889
 0.000000  1.000000  0.000000  0.000000
 0.944444  0.055556  0.000000  0.000000
 0.944444  0.000000  0.000000  0.055556
 0.000000  0.000000  0.055556  0.944444
 0.000000  1.000000  0.000000  0.000000
 0.888889  0.055556  0.000000  0.055556
 0.666667  0.000000  0.055556  0.277778
 0.444444  0.111111  0.111111  0.333333
URL http://jaspar.genereg.net/matrix/MA0070.1

MOTIF MA0071.1 RORA
letter-probability matrix: alength= 4 w= 10 nsites= 25 E= 0
 0.600000  0.040000  0.080000  0.280000
 0.360000  0.040000  0.000000  0.600000
 0.240000  0.480000  0.160000  0.120000
 0.440000  0.080000  0.200000  0.280000
 0.840000  0.000000  0.160000  0.000000
 0.000000  0.000000  1.000000  0.000000
 0.000000  0.000000  1.000000  0.000000
 0.000000  0.000000  0.000000  1.000000
 0.000000  1.000000  0.000000  0.000000
 1.000000  0.000000  0.000000  0.000000
URL http://jaspar.genereg.net/matrix/MA0071.1

MOTIF MA0072.1 RORA(var.2)
letter-probability matrix: alength= 4 w= 14 nsites= 36 E= 0
 0.250000  0.222222  0.222222  0.305556
 0.472222  0.055556  0.194444  0.277778
 0.416667  0.000000  0.083333  0.500000
 0.972222  0.027778  0.000000  0.000000
 0.638889  0.000000  0.000000  0.361111
 0.055556  0.333333  0.361111  0.250000
 0.000000  0.000000  0.000000  1.000000
 0.777778  0.000000  0.222222  0.000000
 0.000000  0.000000  1.000000  0.000000
 0.000000  0.000000  1.000000  0.000000
 0.000000  0.000000  0.000000  1.000000
 0.000000  1.000000  0.000000  0.000000
 1.000000  0.000000  0.000000  0.000000
 0.416667  0.166667  0.277778  0.138889
URL http://jaspar.genereg.net/matrix/MA0072.1

MOTIF MA0073.1 RREB1
letter-probability matrix: alength= 4 w= 20 nsites= 11 E= 0
 0.272727  0.727273  0.000000  0.000000
 0.090909  0.909091  0.000000  0.000000
 0.272727  0.727273  0.000000  0.000000
 0.000000  1.000000  0.000000  0.000000
 0.636364  0.363636  0.000000  0.000000
 0.818182  0.181818  0.000000  0.000000
 0.727273  0.272727  0.000000  0.000000
 0.363636  0.545455  0.000000  0.090909
 0.000000  1.000000  0.000000  0.000000
 1.000000  0.000000  0.000000  0.000000
 0.363636  0.636364  0.000000  0.000000
 0.090909  0.909091  0.000000  0.000000
 0.272727  0.727273  0.000000  0.000000
 0.363636  0.545455  0.090909  0.000000
 0.181818  0.818182  0.000000  0.000000
 0.363636  0.454545  0.000000  0.181818
 0.363636  0.454545  0.090909  0.090909
 0.363636  0.545455  0.000000  0.090909
 0.090909  0.636364  0.272727  0.000000
 0.363636  0.363636  0.181818  0.090909
URL http://jaspar.genereg.net/matrix/MA0073.1

MOTIF MA0074.1 RXRA::VDR
letter-probability matrix: alength= 4 w= 15 nsites= 10 E= 0
 0.300000  0.000000  0.700000  0.000000
 0.000000  0.000000  1.000000  0.000000
 0.000000  0.000000  0.900000  0.100000
 0.000000  0.000000  0.000000  1.000000
 0.000000  0.900000  0.000000  0.100000
 0.900000  0.000000  0.100000  0.000000
 0.400000  0.200000  0.000000  0.400000
 0.200000  0.400000  0.200000  0.200000
 0.200000  0.000000  0.800000  0.000000
 0.500000  0.000000  0.500000  0.000000
 0.000000  0.000000  1.000000  0.000000
 0.000000  0.000000  0.000000  1.000000
 0.100000  0.000000  0.000000  0.900000
 0.000000  0.900000  0.000000  0.100000
 0.700000  0.100000  0.200000  0.000000
URL http://jaspar.genereg.net/matrix/MA0074.1

MOTIF MA0077.1 SOX9
letter-probability matrix: alength= 4 w= 9 nsites= 76 E= 0
 0.039474  0.723684  0.118421  0.118421
 0.105263  0.500000  0.078947  0.315789
 0.934211  0.013158  0.000000  0.052632
 0.026316  0.013158  0.026316  0.934211
 0.092105  0.000000  0.052632  0.855263
 0.026316  0.026316  0.947368  0.000000
 0.171053  0.000000  0.052632  0.776316
 0.118421  0.092105  0.078947  0.710526
 0.184211  0.407895  0.092105  0.315789
URL http://jaspar.genereg.net/matrix/MA0077.1

MOTIF MA0078.1 Sox17
letter-probability matrix: alength= 4 w= 9 nsites= 31 E= 0
 0.225806  0.290323  0.193548  0.290323
 0.258065  0.258065  0.129032  0.354839
 0.096774  0.580645  0.032258  0.290323
 0.967742  0.000000  0.000000  0.032258
 0.000000  0.032258  0.000000  0.967742
 0.000000  0.000000  0.000000  1.000000
 0.000000  0.000000  1.000000  0.000000
 0.000000  0.000000  0.064516  0.935484
 0.000000  0.548387  0.322581  0.129032
URL http://jaspar.genereg.net/matrix/MA0078.1

MOTIF MA0081.1 SPIB
letter-probability matrix: alength= 4 w= 7 nsites= 49 E= 0
 0.632653  0.000000  0.000000  0.367347
 0.081633  0.285714  0.591837  0.040816
 0.489796  0.326531  0.142857  0.040816
 0.040816  0.000000  0.959184  0.000000
 0.020408  0.000000  0.959184  0.020408
 0.979592  0.000000  0.000000  0.020408
 0.959184  0.000000  0.000000  0.040816
URL http://jaspar.genereg.net/matrix/MA0081.1

MOTIF MA0082.1 squamosa
letter-probability matrix: alength= 4 w= 14 nsites= 30 E= 0
 0.366667  0.466667  0.033333  0.133333
 0.000000  0.733333  0.000000  0.266667
 0.800000  0.000000  0.133333  0.066667
 0.533333  0.066667  0.033333  0.366667
 0.766667  0.000000  0.000000  0.233333
 0.566667  0.000000  0.000000  0.433333
 0.800000  0.033333  0.000000  0.166667
 0.266667  0.000000  0.033333  0.700000
 0.466667  0.033333  0.500000  0.000000
 0.033333  0.033333  0.933333  0.000000
 0.466667  0.166667  0.033333  0.333333
 0.833333  0.166667  0.000000  0.000000
 0.700000  0.066667  0.100000  0.133333
 0.233333  0.166667  0.266667  0.333333
URL http://jaspar.genereg.net/matrix/MA0082.1

MOTIF MA0084.1 SRY
letter-probability matrix: alength= 4 w= 9 nsites= 28 E= 0
 0.178571  0.178571  0.357143  0.285714
 0.285714  0.107143  0.142857  0.464286
 0.535714  0.000000  0.107143  0.357143
 0.642857  0.107143  0.107143  0.142857
 0.892857  0.000000  0.000000  0.107143
 0.000000  0.928571  0.000000  0.071429
 1.000000  0.000000  0.000000  0.000000
 0.964286  0.000000  0.035714  0.000000
 0.250000  0.000000  0.071429  0.678571
URL http://jaspar.genereg.net/matrix/MA0084.1

MOTIF MA0085.1 Su(H)
letter-probability matrix: alength= 4 w= 16 nsites= 10 E= 0
 0.100000  0.300000  0.300000  0.300000
 0.000000  0.400000  0.000000  0.600000
 0.000000  0.000000  1.000000  0.000000
 0.000000  0.000000  0.000000  1.000000
 0.000000  0.000000  1.000000  0.000000
 0.300000  0.000000  0.700000  0.000000
 0.000000  0.000000  1.000000  0.000000
 1.000000  0.000000  0.000000  0.000000
 1.000000  0.000000  0.000000  0.000000
 0.500000  0.500000  0.000000  0.000000
 0.100000  0.700000  0.100000  0.100000
 0.100000  0.200000  0.400000  0.300000
 0.400000  0.200000  0.200000  0.200000
 0.300000  0.100000  0.400000  0.200000
 0.400000  0.300000  0.200000  0.100000
 0.200000  0.100000  0.200000  0.500000
URL http://jaspar.genereg.net/matrix/MA0085.1

MOTIF MA0087.1 Sox5
letter-probability matrix: alength= 4 w= 7 nsites= 23 E= 0
 1.000000  0.000000  0.000000  0.000000
 0.000000  0.000000  0.043478  0.956522
 0.000000  0.000000  0.000000  1.000000
 0.043478  0.000000  0.956522  0.000000
 0.000000  0.043478  0.000000  0.956522
 0.043478  0.043478  0.000000  0.913043
 0.347826  0.130435  0.173913  0.347826
URL http://jaspar.genereg.net/matrix/MA0087.1

MOTIF MA0089.1 MAFG::NFE2L1
letter-probability matrix: alength= 4 w= 6 nsites= 34 E= 0
 0.205882  0.323529  0.294118  0.176471
 0.852941  0.058824  0.088235  0.000000
 0.000000  0.000000  0.000000  1.000000
 0.029412  0.000000  0.941176  0.029412
 1.000000  0.000000  0.000000  0.000000
 0.000000  0.764706  0.058824  0.176471
URL http://jaspar.genereg.net/matrix/MA0089.1

MOTIF MA0091.1 TAL1::TCF3
letter-probability matrix: alength= 4 w= 12 nsites= 44 E= 0
 0.295455  0.318182  0.181818  0.204545
 0.204545  0.227273  0.454545  0.113636
 0.886364  0.000000  0.068182  0.045455
 0.454545  0.545455  0.000000  0.000000
 0.000000  0.977273  0.022727  0.000000
 1.000000  0.000000  0.000000  0.000000
 0.000000  0.022727  0.250000  0.727273
 0.272727  0.727273  0.000000  0.000000
 0.000000  0.000000  0.000000  1.000000
 0.000000  0.000000  0.977273  0.022727
 0.000000  0.068182  0.454545  0.477273
 0.090909  0.090909  0.045455  0.772727
URL http://jaspar.genereg.net/matrix/MA0091.1

MOTIF MA0092.1 Hand1::Tcf3
letter-probability matrix: alength= 4 w= 10 nsites= 29 E= 0
 0.137931  0.275862  0.344828  0.241379
 0.344828  0.000000  0.517241  0.137931
 0.068966  0.068966  0.034483  0.827586
 0.000000  0.965517  0.000000  0.034483
 0.000000  0.000000  0.000000  1.000000
 0.000000  0.000000  1.000000  0.000000
 0.000000  0.103448  0.862069  0.034483
 0.310345  0.482759  0.034483  0.172414
 0.551724  0.000000  0.103448  0.344828
 0.172414  0.137931  0.137931  0.551724
URL http://jaspar.genereg.net/matrix/MA0092.1

MOTIF MA0096.1 bZIP910
letter-probability matrix: alength= 4 w= 7 nsites= 35 E= 0
 0.428571  0.428571  0.142857  0.000000
 0.000000  0.000000  0.000000  1.000000
 0.000000  0.000000  1.000000  0.000000
 1.000000  0.000000  0.000000  0.000000
 0.000000  1.000000  0.000000  0.000000
 0.000000  0.000000  1.000000  0.000000
 0.000000  0.000000  0.000000  1.000000
URL http://jaspar.genereg.net/matrix/MA0096.1

MOTIF MA0097.1 bZIP911
letter-probability matrix: alength= 4 w= 12 nsites= 33 E= 0
 0.030303  0.000000  0.939394  0.030303
 0.515152  0.000000  0.484848  0.000000
 0.000000  0.000000  0.000000  1.000000
 0.000000  0.000000  1.000000  0.000000
 1.000000  0.000000  0.000000  0.000000
 0.000000  1.000000  0.000000  0.000000
 0.000000  0.000000  1.000000  0.000000
 0.000000  0.000000  0.000000  1.000000
 0.000000  0.030303  0.969697  0.000000
 0.030303  0.000000  0.666667  0.303030
 0.333333  0.606061  0.030303  0.030303
 0.030303  0.969697  0.000000  0.000000
URL http://jaspar.genereg.net/matrix/MA0097.1

MOTIF MA0101.1 REL
letter-probability matrix: alength= 4 w= 10 nsites= 17 E= 0
 0.000000  0.294118  0.470588  0.235294
 0.000000  0.058824  0.882353  0.058824
 0.058824  0.000000  0.882353  0.058824
 0.294118  0.058824  0.529412  0.117647
 0.352941  0.294118  0.176471  0.176471
 0.294118  0.058824  0.058824  0.588235
 0.058824  0.000000  0.000000  0.941176
 0.117647  0.000000  0.000000  0.882353
 0.000000  0.882353  0.000000  0.117647
 0.058824  0.941176  0.000000  0.000000
URL http://jaspar.genereg.net/matrix/MA0101.1

MOTIF MA0107.1 RELA
letter-probability matrix: alength= 4 w= 10 nsites= 18 E= 0
 0.000000  0.222222  0.611111  0.166667
 0.000000  0.000000  0.944444  0.055556
 0.000000  0.000000  1.000000  0.000000
 0.611111  0.000000  0.388889  0.000000
 0.555556  0.166667  0.222222  0.055556
 0.111111  0.000000  0.000000  0.888889
 0.000000  0.000000  0.000000  1.000000
 0.000000  0.111111  0.000000  0.888889
 0.000000  1.000000  0.000000  0.000000
 0.000000  1.000000  0.000000  0.000000
URL http://jaspar.genereg.net/matrix/MA0107.1

MOTIF MA0108.2 TBP
letter-probability matrix: alength= 4 w= 15 nsites= 389 E= 0
 0.156812  0.372751  0.390746  0.079692
 0.041131  0.118252  0.046272  0.794344
 0.904884  0.000000  0.005141  0.089974
 0.007712  0.025707  0.005141  0.961440
 0.910026  0.000000  0.012853  0.077121
 0.688946  0.000000  0.000000  0.311054
 0.925450  0.007712  0.051414  0.015424
 0.570694  0.005141  0.113111  0.311054
 0.398458  0.113111  0.403599  0.084833
 0.143959  0.347044  0.385604  0.123393
 0.213368  0.377892  0.329049  0.079692
 0.210797  0.326478  0.329049  0.133676
 0.210797  0.303342  0.329049  0.156812
 0.174807  0.275064  0.357326  0.192802
 0.197943  0.259640  0.359897  0.182519
URL http://jaspar.genereg.net/matrix/MA0108.2

MOTIF MA0109.1 HLTF
letter-probability matrix: alength= 4 w= 10 nsites= 51 E= 0
 0.313725  0.196078  0.235294  0.254902
 0.392157  0.235294  0.098039  0.313725
 0.509804  0.647059  0.000000  0.000000
 0.000000  1.156863  0.000000  0.000000
 0.490196  0.000000  0.000000  0.666667
 0.000000  0.000000  0.000000  1.156863
 0.470588  0.098039  0.235294  0.352941
 0.000000  0.000000  0.431373  0.725490
 0.294118  0.274510  0.274510  0.156863
 0.235294  0.235294  0.196078  0.294118
URL http://jaspar.genereg.net/matrix/MA0109.1

MOTIF MA0111.1 Spz1
letter-probability matrix: alength= 4 w= 11 nsites= 12 E= 0
 0.750000  0.000000  0.250000  0.000000
 0.000000  0.166667  0.750000  0.083333
 0.166667  0.000000  0.833333  0.000000
 0.000000  0.000000  0.916667  0.083333
 0.083333  0.000000  0.083333  0.833333
 0.666667  0.000000  0.000000  0.333333
 0.500000  0.000000  0.166667  0.333333
 0.083333  0.750000  0.166667  0.000000
 0.833333  0.000000  0.166667  0.000000
 0.000000  0.083333  0.750000  0.166667
 0.166667  0.666667  0.166667  0.000000
URL http://jaspar.genereg.net/matrix/MA0111.1

MOTIF MA0115.1 NR1H2::RXRA
letter-probability matrix: alength= 4 w= 17 nsites= 25 E= 0
 0.680000  0.200000  0.000000  0.120000
 0.680000  0.040000  0.200000  0.080000
 0.800000  0.000000  0.200000  0.000000
 0.000000  0.000000  1.000000  0.000000
 0.000000  0.000000  0.960000  0.040000
 0.000000  0.000000  0.000000  1.000000
 0.000000  1.000000  0.000000  0.000000
 1.000000  0.000000  0.000000  0.000000
 0.960000  0.000000  0.000000  0.040000
 1.000000  0.000000  0.000000  0.000000
 0.000000  0.000000  1.000000  0.000000
 0.000000  0.000000  1.000000  0.000000
 0.000000  0.000000  0.000000  1.000000
 0.000000  1.000000  0.000000  0.000000
 1.000000  0.000000  0.000000  0.000000
 0.800000  0.040000  0.080000  0.080000
 0.000000  0.600000  0.240000  0.160000
URL http://jaspar.genereg.net/matrix/MA0115.1

MOTIF MA0116.1 Znf423
letter-probability matrix: alength= 4 w= 15 nsites= 33 E= 0
 0.212121  0.121212  0.666667  0.000000
 0.000000  0.484848  0.515152  0.000000
 0.484848  0.515152  0.000000  0.000000
 0.515152  0.484848  0.000000  0.000000
 0.000000  1.000000  0.000000  0.000000
 0.000000  1.000000  0.000000  0.000000
 0.030303  0.515152  0.000000  0.454545
 0.727273  0.000000  0.000000  0.272727
 0.393939  0.000000  0.484848  0.121212
 0.000000  0.000000  1.000000  0.000000
 0.000000  0.000000  1.000000  0.000000
 0.000000  0.000000  0.515152  0.484848
 0.000000  0.000000  0.484848  0.515152
 0.000000  0.242424  0.484848  0.272727
 0.333333  0.666667  0.000000  0.000000
URL http://jaspar.genereg.net/matrix/MA0116.1

MOTIF MA0118.1 Macho-1
letter-probability matrix: alength= 4 w= 9 nsites= 42 E= 0
 0.119048  0.357143  0.142857  0.380952
 0.214286  0.047619  0.547619  0.190476
 0.000000  0.000000  1.000000  0.000000
 0.000000  0.000000  1.000000  0.000000
 0.071429  0.095238  0.547619  0.285714
 0.000000  0.000000  1.000000  0.000000
 0.119048  0.166667  0.357143  0.357143
 0.119048  0.333333  0.095238  0.452381
 0.309524  0.333333  0.238095  0.119048
URL http://jaspar.genereg.net/matrix/MA0118.1

MOTIF MA0119.1 NFIC::TLX1
letter-probability matrix: alength= 4 w= 14 nsites= 16 E= 0
 0.000000  0.000000  0.000000  1.000000
 0.000000  0.000000  1.000000  0.000000
 0.000000  0.000000  1.000000  0.000000
 0.000000  1.000000  0.000000  0.000000
 0.875000  0.062500  0.000000  0.062500
 0.125000  0.500000  0.312500  0.062500
 0.125000  0.500000  0.250000  0.125000
 0.437500  0.062500  0.312500  0.187500
 0.250000  0.187500  0.125000  0.437500
 0.000000  0.000000  1.000000  0.000000
 0.000000  1.000000  0.000000  0.000000
 0.000000  1.000000  0.000000  0.000000
 1.000000  0.000000  0.000000  0.000000
 0.875000  0.000000  0.062500  0.062500
URL http://jaspar.genereg.net/matrix/MA0119.1

MOTIF MA0120.1 id1
letter-probability matrix: alength= 4 w= 12 nsites= 24 E= 0
 0.041667  0.041667  0.083333  0.833333
 0.125000  0.125000  0.166667  0.583333
 0.041667  0.083333  0.375000  0.500000
 0.000000  0.375000  0.125000  0.500000
 0.000000  0.541667  0.166667  0.291667
 0.083333  0.458333  0.166667  0.291667
 0.125000  0.333333  0.083333  0.458333
 0.041667  0.041667  0.041667  0.875000
 0.333333  0.208333  0.041667  0.416667
 0.000000  0.250000  0.291667  0.458333
 0.000000  0.708333  0.000000  0.291667
 0.083333  0.000000  0.750000  0.166667
URL http://jaspar.genereg.net/matrix/MA0120.1

MOTIF MA0121.1 ARR10
letter-probability matrix: alength= 4 w= 8 nsites= 15 E= 0
 0.933333  0.066667  0.000000  0.000000
 0.000000  0.000000  1.000000  0.000000
 0.933333  0.000000  0.066667  0.000000
 0.000000  0.000000  0.000000  1.000000
 0.266667  0.400000  0.000000  0.333333
 0.066667  0.533333  0.000000  0.400000
 0.000000  0.000000  0.600000  0.400000
 0.200000  0.400000  0.266667  0.133333
URL http://jaspar.genereg.net/matrix/MA0121.1

MOTIF MA0123.1 abi4
letter-probability matrix: alength= 4 w= 10 nsites= 49 E= 0
 0.000000  1.000000  0.000000  0.000000
 0.244898  0.000000  0.755102  0.000000
 0.000000  0.408163  0.591837  0.000000
 0.000000  0.469388  0.020408  0.510204
 0.020408  0.061224  0.918367  0.000000
 0.000000  0.918367  0.081633  0.000000
 0.102041  0.571429  0.122449  0.204082
 0.061224  0.510204  0.224490  0.204082
 0.061224  0.632653  0.102041  0.204082
 0.081633  0.530612  0.142857  0.244898
URL http://jaspar.genereg.net/matrix/MA0123.1

MOTIF MA0125.1 Nobox
letter-probability matrix: alength= 4 w= 8 nsites= 38 E= 0
 0.000000  0.026316  0.000000  0.973684
 0.947368  0.000000  0.000000  0.052632
 1.000000  0.000000  0.000000  0.000000
 0.026316  0.026316  0.052632  0.894737
 0.052632  0.000000  0.105263  0.842105
 0.394737  0.000000  0.578947  0.026316
 0.105263  0.315789  0.473684  0.105263
 0.052632  0.342105  0.157895  0.447368
URL http://jaspar.genereg.net/matrix/MA0125.1

MOTIF MA0126.1 ovo
letter-probability matrix: alength= 4 w= 9 nsites= 21 E= 0
 0.476190  0.190476  0.000000  0.333333
 0.047619  0.190476  0.666667  0.095238
 0.190476  0.095238  0.095238  0.619048
 0.952381  0.000000  0.000000  0.047619
 1.000000  0.000000  0.000000  0.000000
 0.000000  1.000000  0.000000  0.000000
 0.333333  0.238095  0.142857  0.285714
 0.000000  0.000000  1.000000  0.000000
 0.238095  0.190476  0.095238  0.476190
URL http://jaspar.genereg.net/matrix/MA0126.1

MOTIF MA0127.1 PEND
letter-probability matrix: alength= 4 w= 10 nsites= 42 E= 0
 0.714286  0.047619  0.190476  0.047619
 0.142857  0.452381  0.166667  0.238095
 0.023810  0.000000  0.047619  0.928571
 0.095238  0.000000  0.095238  0.809524
 0.071429  0.785714  0.047619  0.095238
 0.000000  0.047619  0.047619  0.904762
 0.047619  0.000000  0.023810  0.928571
 0.761905  0.166667  0.047619  0.023810
 0.095238  0.071429  0.000000  0.833333
 0.047619  0.119048  0.333333  0.500000
URL http://jaspar.genereg.net/matrix/MA0127.1

MOTIF MA0128.1 EmBP-1
letter-probability matrix: alength= 4 w= 8 nsites= 13 E= 0
 0.692308  0.000000  0.000000  0.307692
 0.076923  0.538462  0.307692  0.076923
 1.000000  0.000000  0.000000  0.000000
 0.000000  0.923077  0.000000  0.076923
 0.000000  0.000000  1.000000  0.000000
 0.000000  0.000000  0.000000  1.000000
 0.000000  0.076923  0.923077  0.000000
 0.000000  0.076923  0.923077  0.000000
URL http://jaspar.genereg.net/matrix/MA0128.1

MOTIF MA0129.1 TGA1A
letter-probability matrix: alength= 4 w= 7 nsites= 15 E= 0
 0.266667  0.266667  0.000000  0.466667
 0.866667  0.000000  0.066667  0.066667
 0.000000  0.933333  0.000000  0.066667
 0.133333  0.000000  0.866667  0.000000
 0.066667  0.000000  0.000000  0.933333
 0.000000  1.000000  0.000000  0.000000
 0.866667  0.000000  0.066667  0.066667
URL http://jaspar.genereg.net/matrix/MA0129.1

MOTIF MA0130.1 ZNF354C
letter-probability matrix: alength= 4 w= 6 nsites= 16 E= 0
 0.437500  0.375000  0.187500  0.000000
 0.187500  0.125000  0.000000  0.687500
 0.000000  1.000000  0.000000  0.000000
 0.000000  1.000000  0.000000  0.000000
 1.000000  0.000000  0.000000  0.000000
 0.000000  0.937500  0.062500  0.000000
URL http://jaspar.genereg.net/matrix/MA0130.1

MOTIF MA0135.1 Lhx3
letter-probability matrix: alength= 4 w= 13 nsites= 20 E= 0
 0.450000  0.000000  0.150000  0.400000
 0.800000  0.100000  0.100000  0.000000
 0.950000  0.000000  0.000000  0.050000
 0.000000  0.000000  0.000000  1.000000
 0.000000  0.000000  0.000000  1.000000
 0.950000  0.000000  0.000000  0.050000
 1.000000  0.000000  0.000000  0.000000
 0.100000  0.100000  0.000000  0.800000
 0.000000  0.050000  0.000000  0.950000
 0.800000  0.050000  0.000000  0.150000
 0.450000  0.000000  0.150000  0.400000
 0.100000  0.400000  0.000000  0.500000
 0.100000  0.450000  0.150000  0.300000
URL http://jaspar.genereg.net/matrix/MA0135.1

MOTIF MA0139.1 CTCF
letter-probability matrix: alength= 4 w= 19 nsites= 913 E= 0
 0.095290  0.318729  0.083242  0.502738
 0.182913  0.158817  0.453450  0.204819
 0.307777  0.053669  0.491785  0.146769
 0.061336  0.876232  0.023001  0.039430
 0.008762  0.989047  0.000000  0.002191
 0.814896  0.014239  0.071194  0.099671
