<?xml version="1.0" encoding="ISO-8859-1"?>
<!DOCTYPE mixture PUBLIC "-//ghmm.org//DOCUMENT ghmm V1.0//EN" "http://ghmm.sourceforge.net/xml/1.0/ghmm.dtd">
<mixture version="1.0" noComponents="1">
 <HMM name="" type="higher-order discrete">
  <alphabet id="0">
   <symbol code="0">A</symbol>
   <symbol code="1">C</symbol>
   <symbol code="2">G</symbol>
   <symbol code="3">T</symbol>
  </alphabet>
  <state id="0" initial="1.00000000">
   <discrete id="0">0.25, 0.25, 0.25, 0.25</discrete>
  </state>
  <state id="1" initial="0.00000000">
   <discrete id="0" order="1">0.25, 0.25, 0.25, 0.25, 0.25, 0.25, 0.25, 0.25, 0.25, 0.25, 0.25, 0.25, 0.25, 0.25, 0.25, 0.25</discrete>
  </state>
  <state id="2" initial="0.00000000">
   <discrete id="0" order="1">0.67562981, 0.086999086, 0.23730583, 6.5265631e-05, 0.67562981, 0.086999086, 0.23730583, 6.5265631e-05, 0.67562981, 0.086999086, 0.23730583, 6.5265631e-05, 0.67562981, 0.086999086, 0.23730583, 6.5265631e-05</discrete>
  </state>
  <state id="3" initial="0.00000000">
   <discrete id="0" order="1">6.5265631e-05, 6.5265631e-05, 6.5265631e-05, 0.9998042, 6.5265631e-05, 6.5265631e-05, 6.5265631e-05, 0.9998042, 6.5265631e-05, 6.5265631e-05, 6.5265631e-05, 0.9998042, 6.5265631e-05, 6.5265631e-05, 6.5265631e-05, 0.9998042</discrete>
  </state>
  <state id="4" initial="0.00000000">
   <discrete id="0" order="1">6.5265631e-05, 6.5265631e-05, 6.5265631e-05, 0.9998042, 6.5265631e-05, 6.5265631e-05, 6.5265631e-05, 0.9998042, 6.5265631e-05, 6.5265631e-05, 6.5265631e-05, 0.9998042, 6.5265631e-05, 6.5265631e-05, 6.5265631e-05, 0.9998042</discrete>
  </state>
  <state id="5" initial="0.00000000">
   <discrete id="0" order="1">0.046077536, 6.5265631e-05, 0.73782796, 0.21602924, 0.046077536, 6.5265631e-05, 0.73782796, 0.21602924, 0.046077536, 6.5265631e-05, 0.73782796, 0.21602924, 0.046077536, 6.5265631e-05, 0.73782796, 0.21602924</discrete>
  </state>
  <state id="6" initial="0.00000000">
   <discrete id="0" order="1">6.5265631e-05, 0.9998042, 6.5265631e-05, 6.5265631e-05, 6.5265631e-05, 0.9998042, 6.5265631e-05, 6.5265631e-05, 6.5265631e-05, 0.9998042, 6.5265631e-05, 6.5265631e-05, 6.5265631e-05, 0.9998042, 6.5265631e-05, 6.5265631e-05</discrete>
  </state>
  <state id="7" initial="0.00000000">
   <discrete id="0" order="1">0.78038115, 0.08321368, 0.069638428, 0.066766741, 0.78038115, 0.08321368, 0.069638428, 0.066766741, 0.78038115, 0.08321368, 0.069638428, 0.066766741, 0.78038115, 0.08321368, 0.069638428, 0.066766741</discrete>
  </state>
  <state id="8" initial="0.00000000">
   <discrete id="0" order="1">0.17367184, 0.49960841, 6.5265631e-05, 0.32665448, 0.17367184, 0.49960841, 6.5265631e-05, 0.32665448, 0.17367184, 0.49960841, 6.5265631e-05, 0.32665448, 0.17367184, 0.49960841, 6.5265631e-05, 0.32665448</discrete>
  </state>
  <state id="9" initial="0.00000000">
   <discrete id="0" order="1">0.79800287, 0.2018666, 6.5265631e-05, 6.5265631e-05, 0.79800287, 0.2018666, 6.5265631e-05, 6.5265631e-05, 0.79800287, 0.2018666, 6.5265631e-05, 6.5265631e-05, 0.79800287, 0.2018666, 6.5265631e-05, 6.5265631e-05</discrete>
  </state>
  <state id="10" initial="0.00000000">
   <discrete id="0" order="1">0.9998042, 6.5265631e-05, 6.5265631e-05, 6.5265631e-05, 0.9998042, 6.5265631e-05, 6.5265631e-05, 6.5265631e-05, 0.9998042, 6.5265631e-05, 6.5265631e-05, 6.5265631e-05, 0.9998042, 6.5265631e-05, 6.5265631e-05, 6.5265631e-05</discrete>
  </state>
  <state id="11" initial="0.00000000">
   <discrete id="0" order="1">6.5265631e-05, 0.37129618, 0.11780446, 0.51083409, 6.5265631e-05, 0.37129618, 0.11780446, 0.51083409, 6.5265631e-05, 0.37129618, 0.11780446, 0.51083409, 6.5265631e-05, 0.37129618, 0.11780446, 0.51083409</discrete>
  </state>
  <state id="12" initial="0.00000000">
   <discrete id="0" order="1">0.37886699, 0.32397859, 0.058151677, 0.23900274, 0.37886699, 0.32397859, 0.058151677, 0.23900274, 0.37886699, 0.32397859, 0.058151677, 0.23900274, 0.37886699, 0.32397859, 0.058151677, 0.23900274</discrete>
  </state>
  <transition source="0" target="1">
   <probability>1</probability>
  </transition>
  <transition source="1" target="1">
   <probability>0.99</probability>
  </transition>
  <transition source="1" target="2">
   <probability>0.01</probability>
  </transition>
  <transition source="2" target="3">
   <probability>1</probability>
  </transition>
  <transition source="3" target="4">
   <probability>1</probability>
  </transition>
  <transition source="4" target="5">
   <probability>1</probability>
  </transition>
  <transition source="5" target="6">
   <probability>1</probability>
  </transition>
  <transition source="6" target="7">
   <probability>1</probability>
  </transition>
  <transition source="7" target="8">
   <probability>1</probability>
  </transition>
  <transition source="8" target="9">
   <probability>1</probability>
  </transition>
  <transition source="9" target="10">
   <probability>1</probability>
  </transition>
  <transition source="10" target="11">
   <probability>1</probability>
  </transition>
  <transition source="11" target="12">
   <probability>1</probability>
  </transition>
  <transition source="12" target="1">
   <probability>1</probability>
  </transition>
 </HMM>
</mixture>
