<?xml version="1.0" encoding="ISO-8859-1"?>
<!DOCTYPE mixture PUBLIC "-//ghmm.org//DOCUMENT ghmm V1.0//EN" "http://ghmm.sourceforge.net/xml/1.0/ghmm.dtd">
<mixture version="1.0" noComponents="1">
 <HMM name="" type="higher-order discrete">
  <alphabet id="0">
   <symbol code="0">A</symbol>
   <symbol code="1">C</symbol>
   <symbol code="2">G</symbol>
   <symbol code="3">T</symbol>
  </alphabet>
  <state id="0" initial="1.00000000">
   <discrete id="0">0.25, 0.25, 0.25, 0.25</discrete>
  </state>
  <state id="1" initial="0.00000000">
   <discrete id="0" order="1">0.25, 0.25, 0.25, 0.25, 0.25, 0.25, 0.25, 0.25, 0.25, 0.25, 0.25, 0.25, 0.25, 0.25, 0.25, 0.25</discrete>
  </state>
  <state id="2" initial="0.00000000">
   <discrete id="0" order="1">0.098191806, 0.20450904, 0.48889906, 0.20840009, 0.098191806, 0.20450904, 0.48889906, 0.20840009, 0.098191806, 0.20450904, 0.48889906, 0.20840009, 0.098191806, 0.20450904, 0.48889906, 0.20840009</discrete>
  </state>
  <state id="3" initial="0.00000000">
   <discrete id="0" order="1">0.00011444266, 0.7113756, 0.073586633, 0.21492332, 0.00011444266, 0.7113756, 0.073586633, 0.21492332, 0.00011444266, 0.7113756, 0.073586633, 0.21492332, 0.00011444266, 0.7113756, 0.073586633, 0.21492332</discrete>
  </state>
  <state id="4" initial="0.00000000">
   <discrete id="0" order="1">0.011444266, 0.76722362, 0.00011444266, 0.22121767, 0.011444266, 0.76722362, 0.00011444266, 0.22121767, 0.011444266, 0.76722362, 0.00011444266, 0.22121767, 0.011444266, 0.76722362, 0.00011444266, 0.22121767</discrete>
  </state>
  <state id="5" initial="0.00000000">
   <discrete id="0" order="1">0.00011444266, 0.99965667, 0.00011444266, 0.00011444266, 0.00011444266, 0.99965667, 0.00011444266, 0.00011444266, 0.00011444266, 0.99965667, 0.00011444266, 0.00011444266, 0.00011444266, 0.99965667, 0.00011444266, 0.00011444266</discrete>
  </state>
  <state id="6" initial="0.00000000">
   <discrete id="0" order="1">0.00011444266, 0.99130236, 0.00011444266, 0.0084687572, 0.00011444266, 0.99130236, 0.00011444266, 0.0084687572, 0.00011444266, 0.99130236, 0.00011444266, 0.0084687572, 0.00011444266, 0.99130236, 0.00011444266, 0.0084687572</discrete>
  </state>
  <state id="7" initial="0.00000000">
   <discrete id="0" order="1">0.15564202, 0.00011444266, 0.52929732, 0.31494621, 0.15564202, 0.00011444266, 0.52929732, 0.31494621, 0.15564202, 0.00011444266, 0.52929732, 0.31494621, 0.15564202, 0.00011444266, 0.52929732, 0.31494621</discrete>
  </state>
  <state id="8" initial="0.00000000">
   <discrete id="0" order="1">0.00011444266, 0.99965667, 0.00011444266, 0.00011444266, 0.00011444266, 0.99965667, 0.00011444266, 0.00011444266, 0.00011444266, 0.99965667, 0.00011444266, 0.00011444266, 0.00011444266, 0.99965667, 0.00011444266, 0.00011444266</discrete>
  </state>
  <state id="9" initial="0.00000000">
   <discrete id="0" order="1">0.00011444266, 0.99965667, 0.00011444266, 0.00011444266, 0.00011444266, 0.99965667, 0.00011444266, 0.00011444266, 0.00011444266, 0.99965667, 0.00011444266, 0.00011444266, 0.00011444266, 0.99965667, 0.00011444266, 0.00011444266</discrete>
  </state>
  <state id="10" initial="0.00000000">
   <discrete id="0" order="1">0.00011444266, 0.764477, 0.00011444266, 0.23529412, 0.00011444266, 0.764477, 0.00011444266, 0.23529412, 0.00011444266, 0.764477, 0.00011444266, 0.23529412, 0.00011444266, 0.764477, 0.00011444266, 0.23529412</discrete>
  </state>
  <state id="11" initial="0.00000000">
   <discrete id="0" order="1">0.12073701, 0.72762646, 0.00011444266, 0.15152209, 0.12073701, 0.72762646, 0.00011444266, 0.15152209, 0.12073701, 0.72762646, 0.00011444266, 0.15152209, 0.12073701, 0.72762646, 0.00011444266, 0.15152209</discrete>
  </state>
  <state id="12" initial="0.00000000">
   <discrete id="0" order="1">0.07473106, 0.56878004, 0.084115358, 0.27237354, 0.07473106, 0.56878004, 0.084115358, 0.27237354, 0.07473106, 0.56878004, 0.084115358, 0.27237354, 0.07473106, 0.56878004, 0.084115358, 0.27237354</discrete>
  </state>
  <transition source="0" target="1">
   <probability>1</probability>
  </transition>
  <transition source="1" target="1">
   <probability>0.99</probability>
  </transition>
  <transition source="1" target="2">
   <probability>0.01</probability>
  </transition>
  <transition source="2" target="3">
   <probability>1</probability>
  </transition>
  <transition source="3" target="4">
   <probability>1</probability>
  </transition>
  <transition source="4" target="5">
   <probability>1</probability>
  </transition>
  <transition source="5" target="6">
   <probability>1</probability>
  </transition>
  <transition source="6" target="7">
   <probability>1</probability>
  </transition>
  <transition source="7" target="8">
   <probability>1</probability>
  </transition>
  <transition source="8" target="9">
   <probability>1</probability>
  </transition>
  <transition source="9" target="10">
   <probability>1</probability>
  </transition>
  <transition source="10" target="11">
   <probability>1</probability>
  </transition>
  <transition source="11" target="12">
   <probability>1</probability>
  </transition>
  <transition source="12" target="1">
   <probability>1</probability>
  </transition>
 </HMM>
</mixture>
